[0.0, 0.0, 0, 0, 0, 0, 0, 0, 0]
[0.0, 0.0, 0, 0, 0, 0, 0, 0, 0]
[0.0, 0.0, 0, 0, 0, 0, 0, 0, 0]
[0.0, 0.0, 0, 0, 0, 0, 0, 0, 0]
[0.0, 0.0, 0, 0, 0, 0, 0, 0, 0]
[0.0, 0.0, 0, 0, 0, 0, 0, 0, 0]
[0.0, 0.0, 0, 0, 0, 0, 0, 0, 0]
[0.0, 0.0, 0, 0, 0, 0, 0, 0, 0]
[0.0, 0.0, 0, 0, 0, 0, 0, 0, 8.0]
[0.0, 0.0, 0, 0, 0, 0, 0, 0, 8.0]
[0.0, 0.0, 0, 0, 0, 0, 0, 0, 8.0]
[0.0, 0.0, 0, 0, 0, 0, 0, 0, 8.0]
[0.0, 0.0, 0, 0, 0, 0, 0, 0, 8.0]
[0.0, 0.0, 0, 0, 0, 0, 0, 0, 8.0]
[0.0, 0.0, 0, 0, 0, 0, 0, 0, 8.0]
[0.0, 0.0, 0, 0, 0, 0, 0, 0, 8.0]
[0.0, 0.0, 0, 0, 0, 0, 0, 0, 1024.0]
[0.0, 0.0, 0, 0, 0, 0, 0, 0, 1024.0]
[0.0, 0.0, 0, 0, 0, 0, 0, 0, 1024.0]
[0.0, 0.0, 0, 0, 0, 0, 0, 0, 1024.0]
[0.0, 0.0, 0, 0, 0, 0, 0, 0, 1024.0]
[0.0, 0.0, 0, 0, 0, 0, 0, 0, 1024.0]
[0.0, 0.0, 0, 0, 0, 0, 0, 0, 1024.0]
[0.0, 0.0, 0, 0, 0, 0, 0, 0, 1024.0]
[0.0, 0.0, 0, 0, 0, 0, 0, 0, 2040.0]
[0.0, 0.0, 0, 0, 0, 0, 0, 0, 2040.0]
[0.0, 0.0, 0, 0, 0, 0, 0, 0, 2040.0]
[0.0, 0.0, 0, 0, 0, 0, 0, 0, 2040.0]
[0.0, 0.0, 0, 0, 0, 0, 0, 0, 2040.0]
[0.0, 0.0, 0, 0, 0, 0, 0, 0, 2040.0]
[0.0, 0.0, 0, 0, 0, 0, 0, 0, 2040.0]
[0.0, 0.0, 0, 0, 0, 0, 0, 0, 2040.0]
[0.0, 0.0, 0, 0, 0, 0, 0, 0, 1020.0]
[0.0, 0.0, 0, 0, 0, 0, 0, 0, 1020.0]
[0.0, 0.0, 0, 0, 0, 0, 0, 0, 1020.0]
[0.0, 0.0, 0, 0, 0, 0, 0, 0, 1020.0]
[0.0, 0.0, 0, 0, 0, 0, 0, 0, 1020.0]
[0.0, 0.0, 0, 0, 0, 0, 0, 0, 1020.0]
[0.0, 0.0, 0, 0, 0, 0, 0, 0, 1020.0]
[0.0, 0.0, 0, 0, 0, 0, 0, 0, 1020.0]
[0.0, 0.0, 0, 0, 0, 0, 0, 0, 4.0]
[0.0, 0.0, 0, 0, 0, 0, 0, 0, 4.0]
[0.0, 0.0, 0, 0, 0, 0, 0, 0, 4.0]
[0.0, 0.0, 0, 0, 0, 0, 0, 0, 4.0]
[0.0, 0.0, 0, 0, 0, 0, 0, 0, 4.0]
[0.0, 0.0, 0, 0, 0, 0, 0, 0, 4.0]
[0.0, 0.0, 0, 0, 0, 0, 0, 0, 4.0]
[0.0, 0.0, 0, 0, 0, 0, 0, 0, 4.0]
[0.0, 0.0, 0, 0, 0, 0, 0, 0, 1016.0]
[0.0, 0.0, 0, 0, 0, 0, 0, 0, 1016.0]
[0.0, 0.0, 0, 0, 0, 0, 0, 0, 1016.0]
[0.0, 0.0, 0, 0, 0, 0, 0, 0, 1016.0]
[0.0, 0.0, 0, 0, 0, 0, 0, 0, 1016.0]
[0.0, 0.0, 0, 0, 0, 0, 0, 0, 1016.0]
[0.0, 0.0, 0, 0, 0, 0, 0, 0, 1016.0]
[0.0, 0.0, 0, 0, 0, 0, 0, 0, 1016.0]
[0.0, 0.0, 0, 0, 0, 0, 0, 0, 0]
[0.0, 0.0, 0, 0, 0, 0, 0, 0, 0]
[0.0, 0.0, 0, 0, 0, 0, 0, 0, 0]
[0.0, 0.0, 0, 0, 0, 0, 0, 0, 0]
[0.0, 0.0, 0, 0, 0, 0, 0, 0, 0]
[0.0, 0.0, 0, 0, 0, 0, 0, 0, 0]
[0.0, 0.0, 0, 0, 0, 0, 0, 0, 0]
[0.0, 0.0, 0, 0, 0, 0, 0, 0, 0]
[0.0, 0.0, 0, 0, 0, 0, 0, 0, 0]
[0.0, 0.0, 0, 0, 0, 0, 0, 0, 0]
[0.0, 0.0, 0, 0, 0, 0, 0, 0, 0]
[0.0, 0.0, 0, 0, 0, 0, 0, 0, 0]
[0.0, 0.0, 0, 0, 0, 0, 0, 0, 0]
[0.0, 0.0, 0, 0, 0, 0, 0, 0, 0]
[0.0, 0.0, 0, 0, 0, 0, 0, 0, 0]
[0.0, 0.0, 0, 0, 0, 0, 0, 0, 0]
[0.0, 0.0, 0, 0, 0, 0, 0, 0, 1020.0]
[0.0, 0.0, 0, 0, 0, 0, 0, 0, 1020.0]
[0.0, 0.0, 0, 0, 0, 0, 0, 0, 1020.0]
[0.0, 0.0, 0, 0, 0, 0, 0, 0, 1020.0]
[0.0, 0.0, 0, 0, 0, 0, 0, 0, 1020.0]
[0.0, 0.0, 0, 0, 0, 0, 0, 0, 1020.0]
[0.0, 0.0, 0, 0, 0, 0, 0, 0, 1020.0]
[0.0, 0.0, 0, 0, 0, 0, 0, 0, 1020.0]
[0.0, 0.0, 0, 0, 0, 0, 0, 0, 4.0]
[0.0, 0.0, 0, 0, 0, 0, 0, 0, 4.0]
[0.0, 0.0, 0, 0, 0, 0, 0, 0, 4.0]
[0.0, 0.0, 0, 0, 0, 0, 0, 0, 4.0]
[0.0, 0.0, 0, 0, 0, 0, 0, 0, 4.0]
[0.0, 0.0, 0, 0, 0, 0, 0, 0, 4.0]
[0.0, 0.0, 0, 0, 0, 0, 0, 0, 4.0]
[0.0, 0.0, 0, 0, 0, 0, 0, 0, 4.0]
[0.0, 0.0, 0, 0, 0, 0, 0, 0, 0]
[0.0, 0.0, 0, 0, 0, 0, 0, 0, 0]
[0.0, 0.0, 0, 0, 0, 0, 0, 0, 0]
[0.0, 0.0, 0, 0, 0, 0, 0, 0, 0]
[0.0, 0.0, 0, 0, 0, 0, 0, 0, 0]
[0.0, 0.0, 0, 0, 0, 0, 0, 0, 0]
[0.0, 0.0, 0, 0, 0, 0, 0, 0, 0]
[0.0, 0.0, 0, 0, 0, 0, 0, 0, 0]
[0.0, 0.0, 0, 0, 0, 0, 0, 0, 1016.0]
[0.0, 0.0, 0, 0, 0, 0, 0, 0, 1016.0]
[0.0, 0.0, 0, 0, 0, 0, 0, 0, 1016.0]
[0.0, 0.0, 0, 0, 0, 0, 0, 0, 1016.0]
[0.0, 0.0, 0, 0, 0, 0, 0, 0, 1016.0]
[0.0, 0.0, 0, 0, 0, 0, 0, 0, 1016.0]
[0.0, 0.0, 0, 0, 0, 0, 0, 0, 1016.0]
[0.0, 0.0, 0, 0, 0, 0, 0, 0, 1016.0]
[0.0, 0.0, 0, 0, 0, 0, 0, 0, 0]
[0.0, 0.0, 0, 0, 0, 0, 0, 0, 0]
[0.0, 0.0, 0, 0, 0, 0, 0, 0, 0]
[0.0, 0.0, 0, 0, 0, 0, 0, 0, 0]
[0.0, 0.0, 0, 0, 0, 0, 0, 0, 0]
[0.0, 0.0, 0, 0, 0, 0, 0, 0, 0]
[0.0, 0.0, 0, 0, 0, 0, 0, 0, 0]
[0.0, 0.0, 0, 0, 0, 0, 0, 0, 0]
[0.0, 0.0, 0, 0, 0, 0, 0, 0, 0]
[0.0, 0.0, 0, 0, 0, 0, 0, 0, 0]
[0.0, 0.0, 0, 0, 0, 0, 0, 0, 0]
[0.0, 0.0, 0, 0, 0, 0, 0, 0, 0]
[0.0, 0.0, 0, 0, 0, 0, 0, 0, 0]
[0.0, 0.0, 0, 0, 0, 0, 0, 0, 0]
[0.0, 0.0, 0, 0, 0, 0, 0, 0, 0]
[0.0, 0.0, 0, 0, 0, 0, 0, 0, 0]
[0.0, 0.0, 0, 0, 0, 0, 0, 0, 0]
[0.0, 0.0, 0, 0, 0, 0, 0, 0, 0]
[0.0, 0.0, 0, 0, 0, 0, 0, 0, 0]
[0.0, 0.0, 0, 0, 0, 0, 0, 0, 0]
[0.0, 0.0, 0, 0, 0, 0, 0, 0, 0]
[0.0, 0.0, 0, 0, 0, 0, 0, 0, 0]
[0.0, 0.0, 0, 0, 0, 0, 0, 0, 0]
[0.0, 0.0, 0, 0, 0, 0, 0, 0, 0]
[2048.0, -2048.0, 0, 0, 0, 0, 0, 0, 0]
[2048.0, -2048.0, 0, 0, 0, 0, 0, 0, 0]
[2048.0, -2048.0, 0, 0, 0, 0, 0, 0, 0]
[2048.0, -2048.0, 0, 0, 0, 0, 0, 0, 0]
[2048.0, -2048.0, 0, 0, 0, 0, 0, 0, 0]
[2048.0, -2048.0, 0, 0, 0, 0, 0, 0, 0]
[2048.0, -2048.0, 0, 0, 0, 0, 0, 0, 0]
[2048.0, -2048.0, 0, 0, 0, 0, 0, 0, 0]
[1284.0, -1284.0, 0, 0, 271.5, 452.5, 0, 0, 676.75]
[1284.0, -1284.0, 0, 0, 271.5, 452.5, 0, 0, 676.75]
[1284.0, -1284.0, 0, 0, 271.5, 452.5, 0, 0, 676.75]
[1284.0, -1284.0, 0, 0, 271.5, 452.5, 0, 0, 676.75]
[1284.0, -1284.0, 0, 0, 271.5, 452.5, 0, 0, 676.75]
[1284.0, -1284.0, 0, 0, 271.5, 452.5, 0, 0, 676.75]
[1284.0, -1284.0, 0, 0, 271.5, 452.5, 0, 0, 676.75]
[1284.0, -1284.0, 0, 0, 271.5, 452.5, 0, 0, 676.75]
[773.0, -773.0, 0, 0, 1.5, 2.5, 0, 0, 663.0]
[773.0, -773.0, 0, 0, 1.5, 2.5, 0, 0, 663.0]
[773.0, -773.0, 0, 0, 1.5, 2.5, 0, 0, 663.0]
[773.0, -773.0, 0, 0, 1.5, 2.5, 0, 0, 663.0]
[773.0, -773.0, 0, 0, 1.5, 2.5, 0, 0, 663.0]
[773.0, -773.0, 0, 0, 1.5, 2.5, 0, 0, 663.0]
[773.0, -773.0, 0, 0, 1.5, 2.5, 0, 0, 663.0]
[773.0, -773.0, 0, 0, 1.5, 2.5, 0, 0, 663.0]
[517.0, -517.0, 0, 0, 270.0, 450.0, 0, 0, 522.25]
[517.0, -517.0, 0, 0, 270.0, 450.0, 0, 0, 522.25]
[517.0, -517.0, 0, 0, 270.0, 450.0, 0, 0, 522.25]
[517.0, -517.0, 0, 0, 270.0, 450.0, 0, 0, 522.25]
[517.0, -517.0, 0, 0, 270.0, 450.0, 0, 0, 522.25]
[517.0, -517.0, 0, 0, 270.0, 450.0, 0, 0, 522.25]
[517.0, -517.0, 0, 0, 270.0, 450.0, 0, 0, 522.25]
[517.0, -517.0, 0, 0, 270.0, 450.0, 0, 0, 522.25]
[258.0, -258.0, 0, 0, 1.5, 2.5, 0, 0, 522.25]
[258.0, -258.0, 0, 0, 1.5, 2.5, 0, 0, 522.25]
[258.0, -258.0, 0, 0, 1.5, 2.5, 0, 0, 522.25]
[258.0, -258.0, 0, 0, 1.5, 2.5, 0, 0, 522.25]
[258.0, -258.0, 0, 0, 1.5, 2.5, 0, 0, 522.25]
[258.0, -258.0, 0, 0, 1.5, 2.5, 0, 0, 522.25]
[258.0, -258.0, 0, 0, 1.5, 2.5, 0, 0, 522.25]
[258.0, -258.0, 0, 0, 1.5, 2.5, 0, 0, 522.25]
[260.0, -260.0, 0, 0, 0, 0, 0, 0, 0.5]
[260.0, -260.0, 0, 0, 0, 0, 0, 0, 0.5]
[260.0, -260.0, 0, 0, 0, 0, 0, 0, 0.5]
[260.0, -260.0, 0, 0, 0, 0, 0, 0, 0.5]
[260.0, -260.0, 0, 0, 0, 0, 0, 0, 0.5]
[260.0, -260.0, 0, 0, 0, 0, 0, 0, 0.5]
[260.0, -260.0, 0, 0, 0, 0, 0, 0, 0.5]
[260.0, -260.0, 0, 0, 0, 0, 0, 0, 0.5]
[258.0, -258.0, 0, 0, 0, 0, 0, 0, 254.0]
[258.0, -258.0, 0, 0, 0, 0, 0, 0, 254.0]
[258.0, -258.0, 0, 0, 0, 0, 0, 0, 254.0]
[258.0, -258.0, 0, 0, 0, 0, 0, 0, 254.0]
[258.0, -258.0, 0, 0, 0, 0, 0, 0, 254.0]
[258.0, -258.0, 0, 0, 0, 0, 0, 0, 254.0]
[258.0, -258.0, 0, 0, 0, 0, 0, 0, 254.0]
[258.0, -258.0, 0, 0, 0, 0, 0, 0, 254.0]
[257.0, -257.0, 0, 0, 0.75, 1.25, 0, 0, 0]
[257.0, -257.0, 0, 0, 0.75, 1.25, 0, 0, 0]
[257.0, -257.0, 0, 0, 0.75, 1.25, 0, 0, 0]
[257.0, -257.0, 0, 0, 0.75, 1.25, 0, 0, 0]
[257.0, -257.0, 0, 0, 0.75, 1.25, 0, 0, 0]
[257.0, -257.0, 0, 0, 0.75, 1.25, 0, 0, 0]
[257.0, -257.0, 0, 0, 0.75, 1.25, 0, 0, 0]
[257.0, -257.0, 0, 0, 0.75, 1.25, 0, 0, 0]
[258.0, -258.0, 0, 0, 0.75, 1.25, 0, 0, 0]
[258.0, -258.0, 0, 0, 0.75, 1.25, 0, 0, 0]
[258.0, -258.0, 0, 0, 0.75, 1.25, 0, 0, 0]
[258.0, -258.0, 0, 0, 0.75, 1.25, 0, 0, 0]
[258.0, -258.0, 0, 0, 0.75, 1.25, 0, 0, 0]
[258.0, -258.0, 0, 0, 0.75, 1.25, 0, 0, 0]
[258.0, -258.0, 0, 0, 0.75, 1.25, 0, 0, 0]
[258.0, -258.0, 0, 0, 0.75, 1.25, 0, 0, 0]
[259.0, -259.0, 0, 0, 0, 0, 0, 0, 127.5]
[259.0, -259.0, 0, 0, 0, 0, 0, 0, 127.5]
[259.0, -259.0, 0, 0, 0, 0, 0, 0, 127.5]
[259.0, -259.0, 0, 0, 0, 0, 0, 0, 127.5]
[259.0, -259.0, 0, 0, 0, 0, 0, 0, 127.5]
[259.0, -259.0, 0, 0, 0, 0, 0, 0, 127.5]
[259.0, -259.0, 0, 0, 0, 0, 0, 0, 127.5]
[259.0, -259.0, 0, 0, 0, 0, 0, 0, 127.5]
[258.0, -258.0, 0, 0, 0, 0, 0, 0, 0.5]
[258.0, -258.0, 0, 0, 0, 0, 0, 0, 0.5]
[258.0, -258.0, 0, 0, 0, 0, 0, 0, 0.5]
[258.0, -258.0, 0, 0, 0, 0, 0, 0, 0.5]
[258.0, -258.0, 0, 0, 0, 0, 0, 0, 0.5]
[258.0, -258.0, 0, 0, 0, 0, 0, 0, 0.5]
[258.0, -258.0, 0, 0, 0, 0, 0, 0, 0.5]
[258.0, -258.0, 0, 0, 0, 0, 0, 0, 0.5]
[258.0, -258.0, 0, 0, 0, 0, 0, 0, 139.70000000000002]
[258.0, -258.0, 0, 0, 0, 0, 0, 0, 139.70000000000002]
[258.0, -258.0, 0, 0, 0, 0, 0, 0, 139.70000000000002]
[258.0, -258.0, 0, 0, 0, 0, 0, 0, 139.70000000000002]
[258.0, -258.0, 0, 0, 0, 0, 0, 0, 139.70000000000002]
[258.0, -258.0, 0, 0, 0, 0, 0, 0, 139.70000000000002]
[258.0, -258.0, 0, 0, 0, 0, 0, 0, 139.70000000000002]
[258.0, -258.0, 0, 0, 0, 0, 0, 0, 139.70000000000002]
[256.0, -256.0, 0, 0, 0, 0, 0, 0, 522.25]
[256.0, -256.0, 0, 0, 0, 0, 0, 0, 522.25]
[256.0, -256.0, 0, 0, 0, 0, 0, 0, 522.25]
[256.0, -256.0, 0, 0, 0, 0, 0, 0, 522.25]
[256.0, -256.0, 0, 0, 0, 0, 0, 0, 522.25]
[256.0, -256.0, 0, 0, 0, 0, 0, 0, 522.25]
[256.0, -256.0, 0, 0, 0, 0, 0, 0, 522.25]
[256.0, -256.0, 0, 0, 0, 0, 0, 0, 522.25]
[256.0, -256.0, 0, 0, 0, 0, 0, 0, 1.0]
[256.0, -256.0, 0, 0, 0, 0, 0, 0, 1.0]
[256.0, -256.0, 0, 0, 0, 0, 0, 0, 1.0]
[256.0, -256.0, 0, 0, 0, 0, 0, 0, 1.0]
[256.0, -256.0, 0, 0, 0, 0, 0, 0, 1.0]
[256.0, -256.0, 0, 0, 0, 0, 0, 0, 1.0]
[256.0, -256.0, 0, 0, 0, 0, 0, 0, 1.0]
[256.0, -256.0, 0, 0, 0, 0, 0, 0, 1.0]
[768.0, -768.0, 0, 0, 0, 0, 0, 0, 268.25]
[768.0, -768.0, 0, 0, 0, 0, 0, 0, 268.25]
[768.0, -768.0, 0, 0, 0, 0, 0, 0, 268.25]
[768.0, -768.0, 0, 0, 0, 0, 0, 0, 268.25]
[768.0, -768.0, 0, 0, 0, 0, 0, 0, 268.25]
[768.0, -768.0, 0, 0, 0, 0, 0, 0, 268.25]
[768.0, -768.0, 0, 0, 0, 0, 0, 0, 268.25]
[768.0, -768.0, 0, 0, 0, 0, 0, 0, 268.25]
[768.0, -768.0, 0, 0, 0, 0, 0, 0, 0]
[768.0, -768.0, 0, 0, 0, 0, 0, 0, 0]
[768.0, -768.0, 0, 0, 0, 0, 0, 0, 0]
[768.0, -768.0, 0, 0, 0, 0, 0, 0, 0]
[768.0, -768.0, 0, 0, 0, 0, 0, 0, 0]
[768.0, -768.0, 0, 0, 0, 0, 0, 0, 0]
[768.0, -768.0, 0, 0, 0, 0, 0, 0, 0]
[768.0, -768.0, 0, 0, 0, 0, 0, 0, 0]
[2048.0, -2048.0, 0, 0, 0, 0, 0, 0, 0]
[2048.0, -2048.0, 0, 0, 0, 0, 0, 0, 0]
[2048.0, -2048.0, 0, 0, 0, 0, 0, 0, 0]
[2048.0, -2048.0, 0, 0, 0, 0, 0, 0, 0]
[2048.0, -2048.0, 0, 0, 0, 0, 0, 0, 0]
[2048.0, -2048.0, 0, 0, 0, 0, 0, 0, 0]
[2048.0, -2048.0, 0, 0, 0, 0, 0, 0, 0]
[2048.0, -2048.0, 0, 0, 0, 0, 0, 0, 0]
[772.0, -772.0, 0, 0, 270.0, 450.0, 0, 0, 142.25]
[772.0, -772.0, 0, 0, 270.0, 450.0, 0, 0, 142.25]
[772.0, -772.0, 0, 0, 270.0, 450.0, 0, 0, 142.25]
[772.0, -772.0, 0, 0, 270.0, 450.0, 0, 0, 142.25]
[772.0, -772.0, 0, 0, 270.0, 450.0, 0, 0, 142.25]
[772.0, -772.0, 0, 0, 270.0, 450.0, 0, 0, 142.25]
[772.0, -772.0, 0, 0, 270.0, 450.0, 0, 0, 142.25]
[772.0, -772.0, 0, 0, 270.0, 450.0, 0, 0, 142.25]
[517.0, -517.0, 0, 0, 0, 0, 0, 0, 524.25]
[517.0, -517.0, 0, 0, 0, 0, 0, 0, 524.25]
[517.0, -517.0, 0, 0, 0, 0, 0, 0, 524.25]
[517.0, -517.0, 0, 0, 0, 0, 0, 0, 524.25]
[517.0, -517.0, 0, 0, 0, 0, 0, 0, 524.25]
[517.0, -517.0, 0, 0, 0, 0, 0, 0, 524.25]
[517.0, -517.0, 0, 0, 0, 0, 0, 0, 524.25]
[517.0, -517.0, 0, 0, 0, 0, 0, 0, 524.25]
[447.0, -447.0, 0, 0, 539.25, 898.75, 0, 0, 510.0]
[447.0, -447.0, 0, 0, 539.25, 898.75, 0, 0, 510.0]
[447.0, -447.0, 0, 0, 539.25, 898.75, 0, 0, 510.0]
[447.0, -447.0, 0, 0, 539.25, 898.75, 0, 0, 510.0]
[447.0, -447.0, 0, 0, 539.25, 898.75, 0, 0, 510.0]
[447.0, -447.0, 0, 0, 539.25, 898.75, 0, 0, 510.0]
[447.0, -447.0, 0, 0, 539.25, 898.75, 0, 0, 510.0]
[447.0, -447.0, 0, 0, 539.25, 898.75, 0, 0, 510.0]
[1224.5, -1224.5, 0, 0, 270.0, 450.0, 0, 0, 396.25]
[1224.5, -1224.5, 0, 0, 270.0, 450.0, 0, 0, 396.25]
[1224.5, -1224.5, 0, 0, 270.0, 450.0, 0, 0, 396.25]
[1224.5, -1224.5, 0, 0, 270.0, 450.0, 0, 0, 396.25]
[1224.5, -1224.5, 0, 0, 270.0, 450.0, 0, 0, 396.25]
[1224.5, -1224.5, 0, 0, 270.0, 450.0, 0, 0, 396.25]
[1224.5, -1224.5, 0, 0, 270.0, 450.0, 0, 0, 396.25]
[1224.5, -1224.5, 0, 0, 270.0, 450.0, 0, 0, 396.25]
[1234.1, -1234.1, 0, 0, 329.4, 984.6, 0, 0, 256.0]
[1234.1, -1234.1, 0, 0, 329.4, 984.6, 0, 0, 256.0]
[1234.1, -1234.1, 0, 0, 329.4, 984.6, 0, 0, 256.0]
[1234.1, -1234.1, 0, 0, 329.4, 984.6, 0, 0, 256.0]
[1234.1, -1234.1, 0, 0, 329.4, 984.6, 0, 0, 256.0]
[1234.1, -1234.1, 0, 0, 329.4, 984.6, 0, 0, 256.0]
[1234.1, -1234.1, 0, 0, 329.4, 984.6, 0, 0, 256.0]
[1234.1, -1234.1, 0, 0, 329.4, 984.6, 0, 0, 256.0]
[1622.2, -1622.2, 0, 0, 270.0, 450.0, 0, 0, 394.75]
[1622.2, -1622.2, 0, 0, 270.0, 450.0, 0, 0, 394.75]
[1622.2, -1622.2, 0, 0, 270.0, 450.0, 0, 0, 394.75]
[1622.2, -1622.2, 0, 0, 270.0, 450.0, 0, 0, 394.75]
[1622.2, -1622.2, 0, 0, 270.0, 450.0, 0, 0, 394.75]
[1622.2, -1622.2, 0, 0, 270.0, 450.0, 0, 0, 394.75]
[1622.2, -1622.2, 0, 0, 270.0, 450.0, 0, 0, 394.75]
[1622.2, -1622.2, 0, 0, 270.0, 450.0, 0, 0, 394.75]
[1219.85, -1219.85, 0, 0, 689.1, 1948.8999999999999, 0, 0, 129.0]
[1219.85, -1219.85, 0, 0, 689.1, 1948.8999999999999, 0, 0, 129.0]
[1219.85, -1219.85, 0, 0, 689.1, 1948.8999999999999, 0, 0, 129.0]
[1219.85, -1219.85, 0, 0, 689.1, 1948.8999999999999, 0, 0, 129.0]
[1219.85, -1219.85, 0, 0, 689.1, 1948.8999999999999, 0, 0, 129.0]
[1219.85, -1219.85, 0, 0, 689.1, 1948.8999999999999, 0, 0, 129.0]
[1219.85, -1219.85, 0, 0, 689.1, 1948.8999999999999, 0, 0, 129.0]
[1219.85, -1219.85, 0, 0, 689.1, 1948.8999999999999, 0, 0, 129.0]
[1499.65, -1499.65, 0, 0, 388.1, 1493.9, 0, 0, 128.5]
[1499.65, -1499.65, 0, 0, 388.1, 1493.9, 0, 0, 128.5]
[1499.65, -1499.65, 0, 0, 388.1, 1493.9, 0, 0, 128.5]
[1499.65, -1499.65, 0, 0, 388.1, 1493.9, 0, 0, 128.5]
[1499.65, -1499.65, 0, 0, 388.1, 1493.9, 0, 0, 128.5]
[1499.65, -1499.65, 0, 0, 388.1, 1493.9, 0, 0, 128.5]
[1499.65, -1499.65, 0, 0, 388.1, 1493.9, 0, 0, 128.5]
[1499.65, -1499.65, 0, 0, 388.1, 1493.9, 0, 0, 128.5]
[1623.8, -1623.8, 0, 0, 365.9, 902.0999999999999, 0, 0, 522.75]
[1623.8, -1623.8, 0, 0, 365.9, 902.0999999999999, 0, 0, 522.75]
[1623.8, -1623.8, 0, 0, 365.9, 902.0999999999999, 0, 0, 522.75]
[1623.8, -1623.8, 0, 0, 365.9, 902.0999999999999, 0, 0, 522.75]
[1623.8, -1623.8, 0, 0, 365.9, 902.0999999999999, 0, 0, 522.75]
[1623.8, -1623.8, 0, 0, 365.9, 902.0999999999999, 0, 0, 522.75]
[1623.8, -1623.8, 0, 0, 365.9, 902.0999999999999, 0, 0, 522.75]
[1623.8, -1623.8, 0, 0, 365.9, 902.0999999999999, 0, 0, 522.75]
[2009.6, -2009.6, 0, 0, 91.8, 520.1999999999999, 293.0, 586.0, 128.0]
[2009.6, -2009.6, 0, 0, 91.8, 520.1999999999999, 293.0, 586.0, 128.0]
[2009.6, -2009.6, 0, 0, 91.8, 520.1999999999999, 293.0, 586.0, 128.0]
[2009.6, -2009.6, 0, 0, 91.8, 520.1999999999999, 293.0, 586.0, 128.0]
[2009.6, -2009.6, 0, 0, 91.8, 520.1999999999999, 293.0, 586.0, 128.0]
[2009.6, -2009.6, 0, 0, 91.8, 520.1999999999999, 293.0, 586.0, 128.0]
[2009.6, -2009.6, 0, 0, 91.8, 520.1999999999999, 293.0, 586.0, 128.0]
[2009.6, -2009.6, 0, 0, 91.8, 520.1999999999999, 293.0, 586.0, 128.0]
[1526.85, -1526.85, 0, 0, 298.15, 1517.85, 0, 0, 255.5]
[1526.85, -1526.85, 0, 0, 298.15, 1517.85, 0, 0, 255.5]
[1526.85, -1526.85, 0, 0, 298.15, 1517.85, 0, 0, 255.5]
[1526.85, -1526.85, 0, 0, 298.15, 1517.85, 0, 0, 255.5]
[1526.85, -1526.85, 0, 0, 298.15, 1517.85, 0, 0, 255.5]
[1526.85, -1526.85, 0, 0, 298.15, 1517.85, 0, 0, 255.5]
[1526.85, -1526.85, 0, 0, 298.15, 1517.85, 0, 0, 255.5]
[1526.85, -1526.85, 0, 0, 298.15, 1517.85, 0, 0, 255.5]
[1315.6, -1315.6, 0, 0, 488.4, 1473.6, 293.0, 586.0, 663.5]
[1315.6, -1315.6, 0, 0, 488.4, 1473.6, 293.0, 586.0, 663.5]
[1315.6, -1315.6, 0, 0, 488.4, 1473.6, 293.0, 586.0, 663.5]
[1315.6, -1315.6, 0, 0, 488.4, 1473.6, 293.0, 586.0, 663.5]
[1315.6, -1315.6, 0, 0, 488.4, 1473.6, 293.0, 586.0, 663.5]
[1315.6, -1315.6, 0, 0, 488.4, 1473.6, 293.0, 586.0, 663.5]
[1315.6, -1315.6, 0, 0, 488.4, 1473.6, 293.0, 586.0, 663.5]
[1315.6, -1315.6, 0, 0, 488.4, 1473.6, 293.0, 586.0, 663.5]
[1539.4, -1539.4, 0, 0, 707.7, 1934.3, 0, 0, 127.0]
[1539.4, -1539.4, 0, 0, 707.7, 1934.3, 0, 0, 127.0]
[1539.4, -1539.4, 0, 0, 707.7, 1934.3, 0, 0, 127.0]
[1539.4, -1539.4, 0, 0, 707.7, 1934.3, 0, 0, 127.0]
[1539.4, -1539.4, 0, 0, 707.7, 1934.3, 0, 0, 127.0]
[1539.4, -1539.4, 0, 0, 707.7, 1934.3, 0, 0, 127.0]
[1539.4, -1539.4, 0, 0, 707.7, 1934.3, 0, 0, 127.0]
[1539.4, -1539.4, 0, 0, 707.7, 1934.3, 0, 0, 127.0]
[2258.85, -2258.85, 0, 0, 28.85, 535.15, 0, 0, 267.75]
[2258.85, -2258.85, 0, 0, 28.85, 535.15, 0, 0, 267.75]
[2258.85, -2258.85, 0, 0, 28.85, 535.15, 0, 0, 267.75]
[2258.85, -2258.85, 0, 0, 28.85, 535.15, 0, 0, 267.75]
[2258.85, -2258.85, 0, 0, 28.85, 535.15, 0, 0, 267.75]
[2258.85, -2258.85, 0, 0, 28.85, 535.15, 0, 0, 267.75]
[2258.85, -2258.85, 0, 0, 28.85, 535.15, 0, 0, 267.75]
[2258.85, -2258.85, 0, 0, 28.85, 535.15, 0, 0, 267.75]
[1776.6, -1776.6, 0, 0, 0, 0, 293.0, 586.0, 0.5]
[1776.6, -1776.6, 0, 0, 0, 0, 293.0, 586.0, 0.5]
[1776.6, -1776.6, 0, 0, 0, 0, 293.0, 586.0, 0.5]
[1776.6, -1776.6, 0, 0, 0, 0, 293.0, 586.0, 0.5]
[1776.6, -1776.6, 0, 0, 0, 0, 293.0, 586.0, 0.5]
[1776.6, -1776.6, 0, 0, 0, 0, 293.0, 586.0, 0.5]
[1776.6, -1776.6, 0, 0, 0, 0, 293.0, 586.0, 0.5]
[1776.6, -1776.6, 0, 0, 0, 0, 293.0, 586.0, 0.5]
[1544.0, -1544.0, 0, 0, 0, 0, 0, 0, 0]
[1544.0, -1544.0, 0, 0, 0, 0, 0, 0, 0]
[1544.0, -1544.0, 0, 0, 0, 0, 0, 0, 0]
[1544.0, -1544.0, 0, 0, 0, 0, 0, 0, 0]
[1544.0, -1544.0, 0, 0, 0, 0, 0, 0, 0]
[1544.0, -1544.0, 0, 0, 0, 0, 0, 0, 0]
[1544.0, -1544.0, 0, 0, 0, 0, 0, 0, 0]
[1544.0, -1544.0, 0, 0, 0, 0, 0, 0, 0]
[482.74999999999994, -482.74999999999994, 0, 0, 1694.1999999999998, 2759.8, 0, 0, 664.55]
[482.74999999999994, -482.74999999999994, 0, 0, 1694.1999999999998, 2759.8, 0, 0, 664.55]
[482.74999999999994, -482.74999999999994, 0, 0, 1694.1999999999998, 2759.8, 0, 0, 664.55]
[482.74999999999994, -482.74999999999994, 0, 0, 1694.1999999999998, 2759.8, 0, 0, 664.55]
[482.74999999999994, -482.74999999999994, 0, 0, 1694.1999999999998, 2759.8, 0, 0, 664.55]
[482.74999999999994, -482.74999999999994, 0, 0, 1694.1999999999998, 2759.8, 0, 0, 664.55]
[482.74999999999994, -482.74999999999994, 0, 0, 1694.1999999999998, 2759.8, 0, 0, 664.55]
[482.74999999999994, -482.74999999999994, 0, 0, 1694.1999999999998, 2759.8, 0, 0, 664.55]
[808.5, -808.5, 0, 0, 1209.3999999999999, 2066.6000000000004, 0, 0, 939.95]
[808.5, -808.5, 0, 0, 1209.3999999999999, 2066.6000000000004, 0, 0, 939.95]
[808.5, -808.5, 0, 0, 1209.3999999999999, 2066.6000000000004, 0, 0, 939.95]
[808.5, -808.5, 0, 0, 1209.3999999999999, 2066.6000000000004, 0, 0, 939.95]
[808.5, -808.5, 0, 0, 1209.3999999999999, 2066.6000000000004, 0, 0, 939.95]
[808.5, -808.5, 0, 0, 1209.3999999999999, 2066.6000000000004, 0, 0, 939.95]
[808.5, -808.5, 0, 0, 1209.3999999999999, 2066.6000000000004, 0, 0, 939.95]
[808.5, -808.5, 0, 0, 1209.3999999999999, 2066.6000000000004, 0, 0, 939.95]
[2146.7, -2146.7, 0, 0, 1079.5, 1628.5, 0, 0, 929.05]
[2146.7, -2146.7, 0, 0, 1079.5, 1628.5, 0, 0, 929.05]
[2146.7, -2146.7, 0, 0, 1079.5, 1628.5, 0, 0, 929.05]
[2146.7, -2146.7, 0, 0, 1079.5, 1628.5, 0, 0, 929.05]
[2146.7, -2146.7, 0, 0, 1079.5, 1628.5, 0, 0, 929.05]
[2146.7, -2146.7, 0, 0, 1079.5, 1628.5, 0, 0, 929.05]
[2146.7, -2146.7, 0, 0, 1079.5, 1628.5, 0, 0, 929.05]
[2146.7, -2146.7, 0, 0, 1079.5, 1628.5, 0, 0, 929.05]
[2990.1, -2990.1, 153.0, 27.0, 912.0999999999999, 1829.9, 0, 0, 671.7]
[2990.1, -2990.1, 153.0, 27.0, 912.0999999999999, 1829.9, 0, 0, 671.7]
[2990.1, -2990.1, 153.0, 27.0, 912.0999999999999, 1829.9, 0, 0, 671.7]
[2990.1, -2990.1, 153.0, 27.0, 912.0999999999999, 1829.9, 0, 0, 671.7]
[2990.1, -2990.1, 153.0, 27.0, 912.0999999999999, 1829.9, 0, 0, 671.7]
[2990.1, -2990.1, 153.0, 27.0, 912.0999999999999, 1829.9, 0, 0, 671.7]
[2990.1, -2990.1, 153.0, 27.0, 912.0999999999999, 1829.9, 0, 0, 671.7]
[2990.1, -2990.1, 153.0, 27.0, 912.0999999999999, 1829.9, 0, 0, 671.7]
[3429.25, -3429.25, 162.9, 35.1, 931.25, 1832.75, 0, 0, 255.5]
[3429.25, -3429.25, 162.9, 35.1, 931.25, 1832.75, 0, 0, 255.5]
[3429.25, -3429.25, 162.9, 35.1, 931.25, 1832.75, 0, 0, 255.5]
[3429.25, -3429.25, 162.9, 35.1, 931.25, 1832.75, 0, 0, 255.5]
[3429.25, -3429.25, 162.9, 35.1, 931.25, 1832.75, 0, 0, 255.5]
[3429.25, -3429.25, 162.9, 35.1, 931.25, 1832.75, 0, 0, 255.5]
[3429.25, -3429.25, 162.9, 35.1, 931.25, 1832.75, 0, 0, 255.5]
[3429.25, -3429.25, 162.9, 35.1, 931.25, 1832.75, 0, 0, 255.5]
[3322.15, -3322.15, 9.9, 8.1, 1196.05, 2283.95, 0, 0, 521.75]
[3322.15, -3322.15, 9.9, 8.1, 1196.05, 2283.95, 0, 0, 521.75]
[3322.15, -3322.15, 9.9, 8.1, 1196.05, 2283.95, 0, 0, 521.75]
[3322.15, -3322.15, 9.9, 8.1, 1196.05, 2283.95, 0, 0, 521.75]
[3322.15, -3322.15, 9.9, 8.1, 1196.05, 2283.95, 0, 0, 521.75]
[3322.15, -3322.15, 9.9, 8.1, 1196.05, 2283.95, 0, 0, 521.75]
[3322.15, -3322.15, 9.9, 8.1, 1196.05, 2283.95, 0, 0, 521.75]
[3322.15, -3322.15, 9.9, 8.1, 1196.05, 2283.95, 0, 0, 521.75]
[3275.1, -3275.1, 67.75, 203.25, 1289.0, 2793.0, 0, 0, 281.25]
[3275.1, -3275.1, 67.75, 203.25, 1289.0, 2793.0, 0, 0, 281.25]
[3275.1, -3275.1, 67.75, 203.25, 1289.0, 2793.0, 0, 0, 281.25]
[3275.1, -3275.1, 67.75, 203.25, 1289.0, 2793.0, 0, 0, 281.25]
[3275.1, -3275.1, 67.75, 203.25, 1289.0, 2793.0, 0, 0, 281.25]
[3275.1, -3275.1, 67.75, 203.25, 1289.0, 2793.0, 0, 0, 281.25]
[3275.1, -3275.1, 67.75, 203.25, 1289.0, 2793.0, 0, 0, 281.25]
[3275.1, -3275.1, 67.75, 203.25, 1289.0, 2793.0, 0, 0, 281.25]
[3664.55, -3664.55, 0, 0, 1615.25, 2484.75, 0, 0, 454.80000000000007]
[3664.55, -3664.55, 0, 0, 1615.25, 2484.75, 0, 0, 454.80000000000007]
[3664.55, -3664.55, 0, 0, 1615.25, 2484.75, 0, 0, 454.80000000000007]
[3664.55, -3664.55, 0, 0, 1615.25, 2484.75, 0, 0, 454.80000000000007]
[3664.55, -3664.55, 0, 0, 1615.25, 2484.75, 0, 0, 454.80000000000007]
[3664.55, -3664.55, 0, 0, 1615.25, 2484.75, 0, 0, 454.80000000000007]
[3664.55, -3664.55, 0, 0, 1615.25, 2484.75, 0, 0, 454.80000000000007]
[3664.55, -3664.55, 0, 0, 1615.25, 2484.75, 0, 0, 454.80000000000007]
[3184.1500000000005, -3184.1500000000005, 186.5, 26.5, 1111.6999999999998, 2308.3, 0, 0, 852.9499999999999]
[3184.1500000000005, -3184.1500000000005, 186.5, 26.5, 1111.6999999999998, 2308.3, 0, 0, 852.9499999999999]
[3184.1500000000005, -3184.1500000000005, 186.5, 26.5, 1111.6999999999998, 2308.3, 0, 0, 852.9499999999999]
[3184.1500000000005, -3184.1500000000005, 186.5, 26.5, 1111.6999999999998, 2308.3, 0, 0, 852.9499999999999]
[3184.1500000000005, -3184.1500000000005, 186.5, 26.5, 1111.6999999999998, 2308.3, 0, 0, 852.9499999999999]
[3184.1500000000005, -3184.1500000000005, 186.5, 26.5, 1111.6999999999998, 2308.3, 0, 0, 852.9499999999999]
[3184.1500000000005, -3184.1500000000005, 186.5, 26.5, 1111.6999999999998, 2308.3, 0, 0, 852.9499999999999]
[3184.1500000000005, -3184.1500000000005, 186.5, 26.5, 1111.6999999999998, 2308.3, 0, 0, 852.9499999999999]
[2632.1, -2632.1, 243.0, 221.99999999999997, 1497.3, 3214.7, 131.1, 1287.9, 128.0]
[2632.1, -2632.1, 243.0, 221.99999999999997, 1497.3, 3214.7, 131.1, 1287.9, 128.0]
[2632.1, -2632.1, 243.0, 221.99999999999997, 1497.3, 3214.7, 131.1, 1287.9, 128.0]
[2632.1, -2632.1, 243.0, 221.99999999999997, 1497.3, 3214.7, 131.1, 1287.9, 128.0]
[2632.1, -2632.1, 243.0, 221.99999999999997, 1497.3, 3214.7, 131.1, 1287.9, 128.0]
[2632.1, -2632.1, 243.0, 221.99999999999997, 1497.3, 3214.7, 131.1, 1287.9, 128.0]
[2632.1, -2632.1, 243.0, 221.99999999999997, 1497.3, 3214.7, 131.1, 1287.9, 128.0]
[2632.1, -2632.1, 243.0, 221.99999999999997, 1497.3, 3214.7, 131.1, 1287.9, 128.0]
[3021.45, -3021.45, 173.0, 0.0, 1336.45, 3313.5499999999997, 0, 0, 540.1]
[3021.45, -3021.45, 173.0, 0.0, 1336.45, 3313.5499999999997, 0, 0, 540.1]
[3021.45, -3021.45, 173.0, 0.0, 1336.45, 3313.5499999999997, 0, 0, 540.1]
[3021.45, -3021.45, 173.0, 0.0, 1336.45, 3313.5499999999997, 0, 0, 540.1]
[3021.45, -3021.45, 173.0, 0.0, 1336.45, 3313.5499999999997, 0, 0, 540.1]
[3021.45, -3021.45, 173.0, 0.0, 1336.45, 3313.5499999999997, 0, 0, 540.1]
[3021.45, -3021.45, 173.0, 0.0, 1336.45, 3313.5499999999997, 0, 0, 540.1]
[3021.45, -3021.45, 173.0, 0.0, 1336.45, 3313.5499999999997, 0, 0, 540.1]
[3157.35, -3157.35, 0, 0, 1383.6999999999998, 2642.2999999999997, 25.6, 742.4, 942.85]
[3157.35, -3157.35, 0, 0, 1383.6999999999998, 2642.2999999999997, 25.6, 742.4, 942.85]
[3157.35, -3157.35, 0, 0, 1383.6999999999998, 2642.2999999999997, 25.6, 742.4, 942.85]
[3157.35, -3157.35, 0, 0, 1383.6999999999998, 2642.2999999999997, 25.6, 742.4, 942.85]
[3157.35, -3157.35, 0, 0, 1383.6999999999998, 2642.2999999999997, 25.6, 742.4, 942.85]
[3157.35, -3157.35, 0, 0, 1383.6999999999998, 2642.2999999999997, 25.6, 742.4, 942.85]
[3157.35, -3157.35, 0, 0, 1383.6999999999998, 2642.2999999999997, 25.6, 742.4, 942.85]
[3157.35, -3157.35, 0, 0, 1383.6999999999998, 2642.2999999999997, 25.6, 742.4, 942.85]
[2457.1, -2457.1, 0, 0, 2396.7499999999995, 5563.250000000001, 3.0500000000000003, 179.95000000000002, 1.0]
[2457.1, -2457.1, 0, 0, 2396.7499999999995, 5563.250000000001, 3.0500000000000003, 179.95000000000002, 1.0]
[2457.1, -2457.1, 0, 0, 2396.7499999999995, 5563.250000000001, 3.0500000000000003, 179.95000000000002, 1.0]
[2457.1, -2457.1, 0, 0, 2396.7499999999995, 5563.250000000001, 3.0500000000000003, 179.95000000000002, 1.0]
[2457.1, -2457.1, 0, 0, 2396.7499999999995, 5563.250000000001, 3.0500000000000003, 179.95000000000002, 1.0]
[2457.1, -2457.1, 0, 0, 2396.7499999999995, 5563.250000000001, 3.0500000000000003, 179.95000000000002, 1.0]
[2457.1, -2457.1, 0, 0, 2396.7499999999995, 5563.250000000001, 3.0500000000000003, 179.95000000000002, 1.0]
[2457.1, -2457.1, 0, 0, 2396.7499999999995, 5563.250000000001, 3.0500000000000003, 179.95000000000002, 1.0]
[3033.25, -3033.25, 0, 0, 1870.3999999999999, 4011.5999999999995, 7.0, 53.0, 255.0]
[3033.25, -3033.25, 0, 0, 1870.3999999999999, 4011.5999999999995, 7.0, 53.0, 255.0]
[3033.25, -3033.25, 0, 0, 1870.3999999999999, 4011.5999999999995, 7.0, 53.0, 255.0]
[3033.25, -3033.25, 0, 0, 1870.3999999999999, 4011.5999999999995, 7.0, 53.0, 255.0]
[3033.25, -3033.25, 0, 0, 1870.3999999999999, 4011.5999999999995, 7.0, 53.0, 255.0]
[3033.25, -3033.25, 0, 0, 1870.3999999999999, 4011.5999999999995, 7.0, 53.0, 255.0]
[3033.25, -3033.25, 0, 0, 1870.3999999999999, 4011.5999999999995, 7.0, 53.0, 255.0]
[3033.25, -3033.25, 0, 0, 1870.3999999999999, 4011.5999999999995, 7.0, 53.0, 255.0]
[1935.0, -1935.0, 194.4, 28.6, 1961.6, 4684.4, 25.6, 742.4, 179.4]
[1935.0, -1935.0, 194.4, 28.6, 1961.6, 4684.4, 25.6, 742.4, 179.4]
[1935.0, -1935.0, 194.4, 28.6, 1961.6, 4684.4, 25.6, 742.4, 179.4]
[1935.0, -1935.0, 194.4, 28.6, 1961.6, 4684.4, 25.6, 742.4, 179.4]
[1935.0, -1935.0, 194.4, 28.6, 1961.6, 4684.4, 25.6, 742.4, 179.4]
[1935.0, -1935.0, 194.4, 28.6, 1961.6, 4684.4, 25.6, 742.4, 179.4]
[1935.0, -1935.0, 194.4, 28.6, 1961.6, 4684.4, 25.6, 742.4, 179.4]
[1935.0, -1935.0, 194.4, 28.6, 1961.6, 4684.4, 25.6, 742.4, 179.4]
[5984.0, -5984.0, 0, 0, 0, 0, 0, 0, 0]
[5984.0, -5984.0, 0, 0, 0, 0, 0, 0, 0]
[5984.0, -5984.0, 0, 0, 0, 0, 0, 0, 0]
[5984.0, -5984.0, 0, 0, 0, 0, 0, 0, 0]
[5984.0, -5984.0, 0, 0, 0, 0, 0, 0, 0]
[5984.0, -5984.0, 0, 0, 0, 0, 0, 0, 0]
[5984.0, -5984.0, 0, 0, 0, 0, 0, 0, 0]
[5984.0, -5984.0, 0, 0, 0, 0, 0, 0, 0]
[2634.25, -2634.25, 117.2, 60.8, 991.9000000000001, 1738.1, 0, 0, 528.1]
[2634.25, -2634.25, 117.2, 60.8, 991.9000000000001, 1738.1, 0, 0, 528.1]
[2634.25, -2634.25, 117.2, 60.8, 991.9000000000001, 1738.1, 0, 0, 528.1]
[2634.25, -2634.25, 117.2, 60.8, 991.9000000000001, 1738.1, 0, 0, 528.1]
[2634.25, -2634.25, 117.2, 60.8, 991.9000000000001, 1738.1, 0, 0, 528.1]
[2634.25, -2634.25, 117.2, 60.8, 991.9000000000001, 1738.1, 0, 0, 528.1]
[2634.25, -2634.25, 117.2, 60.8, 991.9000000000001, 1738.1, 0, 0, 528.1]
[2634.25, -2634.25, 117.2, 60.8, 991.9000000000001, 1738.1, 0, 0, 528.1]
[3771.4500000000003, -3771.4500000000003, 4.75, 0.25, 764.75, 1325.25, 0, 0, 779.2]
[3771.4500000000003, -3771.4500000000003, 4.75, 0.25, 764.75, 1325.25, 0, 0, 779.2]
[3771.4500000000003, -3771.4500000000003, 4.75, 0.25, 764.75, 1325.25, 0, 0, 779.2]
[3771.4500000000003, -3771.4500000000003, 4.75, 0.25, 764.75, 1325.25, 0, 0, 779.2]
[3771.4500000000003, -3771.4500000000003, 4.75, 0.25, 764.75, 1325.25, 0, 0, 779.2]
[3771.4500000000003, -3771.4500000000003, 4.75, 0.25, 764.75, 1325.25, 0, 0, 779.2]
[3771.4500000000003, -3771.4500000000003, 4.75, 0.25, 764.75, 1325.25, 0, 0, 779.2]
[3771.4500000000003, -3771.4500000000003, 4.75, 0.25, 764.75, 1325.25, 0, 0, 779.2]
[3814.2, -3814.2, 320.79999999999995, 64.19999999999999, 1809.6999999999998, 3636.3, 0, 0, 510.0]
[3814.2, -3814.2, 320.79999999999995, 64.19999999999999, 1809.6999999999998, 3636.3, 0, 0, 510.0]
[3814.2, -3814.2, 320.79999999999995, 64.19999999999999, 1809.6999999999998, 3636.3, 0, 0, 510.0]
[3814.2, -3814.2, 320.79999999999995, 64.19999999999999, 1809.6999999999998, 3636.3, 0, 0, 510.0]
[3814.2, -3814.2, 320.79999999999995, 64.19999999999999, 1809.6999999999998, 3636.3, 0, 0, 510.0]
[3814.2, -3814.2, 320.79999999999995, 64.19999999999999, 1809.6999999999998, 3636.3, 0, 0, 510.0]
[3814.2, -3814.2, 320.79999999999995, 64.19999999999999, 1809.6999999999998, 3636.3, 0, 0, 510.0]
[3814.2, -3814.2, 320.79999999999995, 64.19999999999999, 1809.6999999999998, 3636.3, 0, 0, 510.0]
[4404.7, -4404.7, 311.35, 111.64999999999999, 2368.2, 3941.8, 0, 0, 396.25]
[4404.7, -4404.7, 311.35, 111.64999999999999, 2368.2, 3941.8, 0, 0, 396.25]
[4404.7, -4404.7, 311.35, 111.64999999999999, 2368.2, 3941.8, 0, 0, 396.25]
[4404.7, -4404.7, 311.35, 111.64999999999999, 2368.2, 3941.8, 0, 0, 396.25]
[4404.7, -4404.7, 311.35, 111.64999999999999, 2368.2, 3941.8, 0, 0, 396.25]
[4404.7, -4404.7, 311.35, 111.64999999999999, 2368.2, 3941.8, 0, 0, 396.25]
[4404.7, -4404.7, 311.35, 111.64999999999999, 2368.2, 3941.8, 0, 0, 396.25]
[4404.7, -4404.7, 311.35, 111.64999999999999, 2368.2, 3941.8, 0, 0, 396.25]
[4913.4, -4913.4, 314.65, 63.349999999999994, 1780.85, 3047.15, 0, 0, 392.45000000000005]
[4913.4, -4913.4, 314.65, 63.349999999999994, 1780.85, 3047.15, 0, 0, 392.45000000000005]
[4913.4, -4913.4, 314.65, 63.349999999999994, 1780.85, 3047.15, 0, 0, 392.45000000000005]
[4913.4, -4913.4, 314.65, 63.349999999999994, 1780.85, 3047.15, 0, 0, 392.45000000000005]
[4913.4, -4913.4, 314.65, 63.349999999999994, 1780.85, 3047.15, 0, 0, 392.45000000000005]
[4913.4, -4913.4, 314.65, 63.349999999999994, 1780.85, 3047.15, 0, 0, 392.45000000000005]
[4913.4, -4913.4, 314.65, 63.349999999999994, 1780.85, 3047.15, 0, 0, 392.45000000000005]
[4913.4, -4913.4, 314.65, 63.349999999999994, 1780.85, 3047.15, 0, 0, 392.45000000000005]
[4294.0, -4294.0, 162.8, 85.19999999999999, 2190.4, 3953.6, 115.65, 655.3499999999999, 547.75]
[4294.0, -4294.0, 162.8, 85.19999999999999, 2190.4, 3953.6, 115.65, 655.3499999999999, 547.75]
[4294.0, -4294.0, 162.8, 85.19999999999999, 2190.4, 3953.6, 115.65, 655.3499999999999, 547.75]
[4294.0, -4294.0, 162.8, 85.19999999999999, 2190.4, 3953.6, 115.65, 655.3499999999999, 547.75]
[4294.0, -4294.0, 162.8, 85.19999999999999, 2190.4, 3953.6, 115.65, 655.3499999999999, 547.75]
[4294.0, -4294.0, 162.8, 85.19999999999999, 2190.4, 3953.6, 115.65, 655.3499999999999, 547.75]
[4294.0, -4294.0, 162.8, 85.19999999999999, 2190.4, 3953.6, 115.65, 655.3499999999999, 547.75]
[4294.0, -4294.0, 162.8, 85.19999999999999, 2190.4, 3953.6, 115.65, 655.3499999999999, 547.75]
[2898.8, -2898.8, 226.05, 230.95, 2927.5000000000005, 4740.5, 115.65, 655.3499999999999, 543.7]
[2898.8, -2898.8, 226.05, 230.95, 2927.5000000000005, 4740.5, 115.65, 655.3499999999999, 543.7]
[2898.8, -2898.8, 226.05, 230.95, 2927.5000000000005, 4740.5, 115.65, 655.3499999999999, 543.7]
[2898.8, -2898.8, 226.05, 230.95, 2927.5000000000005, 4740.5, 115.65, 655.3499999999999, 543.7]
[2898.8, -2898.8, 226.05, 230.95, 2927.5000000000005, 4740.5, 115.65, 655.3499999999999, 543.7]
[2898.8, -2898.8, 226.05, 230.95, 2927.5000000000005, 4740.5, 115.65, 655.3499999999999, 543.7]
[2898.8, -2898.8, 226.05, 230.95, 2927.5000000000005, 4740.5, 115.65, 655.3499999999999, 543.7]
[2898.8, -2898.8, 226.05, 230.95, 2927.5000000000005, 4740.5, 115.65, 655.3499999999999, 543.7]
[3934.6, -3934.6, 337.15000000000003, 128.85, 2567.1, 4302.9, 0, 0, 497.65]
[3934.6, -3934.6, 337.15000000000003, 128.85, 2567.1, 4302.9, 0, 0, 497.65]
[3934.6, -3934.6, 337.15000000000003, 128.85, 2567.1, 4302.9, 0, 0, 497.65]
[3934.6, -3934.6, 337.15000000000003, 128.85, 2567.1, 4302.9, 0, 0, 497.65]
[3934.6, -3934.6, 337.15000000000003, 128.85, 2567.1, 4302.9, 0, 0, 497.65]
[3934.6, -3934.6, 337.15000000000003, 128.85, 2567.1, 4302.9, 0, 0, 497.65]
[3934.6, -3934.6, 337.15000000000003, 128.85, 2567.1, 4302.9, 0, 0, 497.65]
[3934.6, -3934.6, 337.15000000000003, 128.85, 2567.1, 4302.9, 0, 0, 497.65]
[3698.1000000000004, -3698.1000000000004, 3.9, 3.1, 2234.65, 4507.35, 52.800000000000004, 145.20000000000002, 685.9]
[3698.1000000000004, -3698.1000000000004, 3.9, 3.1, 2234.65, 4507.35, 52.800000000000004, 145.20000000000002, 685.9]
[3698.1000000000004, -3698.1000000000004, 3.9, 3.1, 2234.65, 4507.35, 52.800000000000004, 145.20000000000002, 685.9]
[3698.1000000000004, -3698.1000000000004, 3.9, 3.1, 2234.65, 4507.35, 52.800000000000004, 145.20000000000002, 685.9]
[3698.1000000000004, -3698.1000000000004, 3.9, 3.1, 2234.65, 4507.35, 52.800000000000004, 145.20000000000002, 685.9]
[3698.1000000000004, -3698.1000000000004, 3.9, 3.1, 2234.65, 4507.35, 52.800000000000004, 145.20000000000002, 685.9]
[3698.1000000000004, -3698.1000000000004, 3.9, 3.1, 2234.65, 4507.35, 52.800000000000004, 145.20000000000002, 685.9]
[3698.1000000000004, -3698.1000000000004, 3.9, 3.1, 2234.65, 4507.35, 52.800000000000004, 145.20000000000002, 685.9]
[3615.35, -3615.35, 395.25, 442.75, 1686.25, 3085.75, 0, 0, 423.6500000000001]
[3615.35, -3615.35, 395.25, 442.75, 1686.25, 3085.75, 0, 0, 423.6500000000001]
[3615.35, -3615.35, 395.25, 442.75, 1686.25, 3085.75, 0, 0, 423.6500000000001]
[3615.35, -3615.35, 395.25, 442.75, 1686.25, 3085.75, 0, 0, 423.6500000000001]
[3615.35, -3615.35, 395.25, 442.75, 1686.25, 3085.75, 0, 0, 423.6500000000001]
[3615.35, -3615.35, 395.25, 442.75, 1686.25, 3085.75, 0, 0, 423.6500000000001]
[3615.35, -3615.35, 395.25, 442.75, 1686.25, 3085.75, 0, 0, 423.6500000000001]
[3615.35, -3615.35, 395.25, 442.75, 1686.25, 3085.75, 0, 0, 423.6500000000001]
[4311.899999999999, -4311.899999999999, 0, 0, 1241.4, 2772.6, 27.9, 251.10000000000002, 988.05]
[4311.899999999999, -4311.899999999999, 0, 0, 1241.4, 2772.6, 27.9, 251.10000000000002, 988.05]
[4311.899999999999, -4311.899999999999, 0, 0, 1241.4, 2772.6, 27.9, 251.10000000000002, 988.05]
[4311.899999999999, -4311.899999999999, 0, 0, 1241.4, 2772.6, 27.9, 251.10000000000002, 988.05]
[4311.899999999999, -4311.899999999999, 0, 0, 1241.4, 2772.6, 27.9, 251.10000000000002, 988.05]
[4311.899999999999, -4311.899999999999, 0, 0, 1241.4, 2772.6, 27.9, 251.10000000000002, 988.05]
[4311.899999999999, -4311.899999999999, 0, 0, 1241.4, 2772.6, 27.9, 251.10000000000002, 988.05]
[4311.899999999999, -4311.899999999999, 0, 0, 1241.4, 2772.6, 27.9, 251.10000000000002, 988.05]
[3315.9, -3315.9, 455.65, 130.35, 2491.55, 5400.45, 0, 0, 713.75]
[3315.9, -3315.9, 455.65, 130.35, 2491.55, 5400.45, 0, 0, 713.75]
[3315.9, -3315.9, 455.65, 130.35, 2491.55, 5400.45, 0, 0, 713.75]
[3315.9, -3315.9, 455.65, 130.35, 2491.55, 5400.45, 0, 0, 713.75]
[3315.9, -3315.9, 455.65, 130.35, 2491.55, 5400.45, 0, 0, 713.75]
[3315.9, -3315.9, 455.65, 130.35, 2491.55, 5400.45, 0, 0, 713.75]
[3315.9, -3315.9, 455.65, 130.35, 2491.55, 5400.45, 0, 0, 713.75]
[3315.9, -3315.9, 455.65, 130.35, 2491.55, 5400.45, 0, 0, 713.75]
[3660.7000000000003, -3660.7000000000003, 2.8, 1.2, 3617.3, 6476.700000000001, 0, 0, 445.45]
[3660.7000000000003, -3660.7000000000003, 2.8, 1.2, 3617.3, 6476.700000000001, 0, 0, 445.45]
[3660.7000000000003, -3660.7000000000003, 2.8, 1.2, 3617.3, 6476.700000000001, 0, 0, 445.45]
[3660.7000000000003, -3660.7000000000003, 2.8, 1.2, 3617.3, 6476.700000000001, 0, 0, 445.45]
[3660.7000000000003, -3660.7000000000003, 2.8, 1.2, 3617.3, 6476.700000000001, 0, 0, 445.45]
[3660.7000000000003, -3660.7000000000003, 2.8, 1.2, 3617.3, 6476.700000000001, 0, 0, 445.45]
[3660.7000000000003, -3660.7000000000003, 2.8, 1.2, 3617.3, 6476.700000000001, 0, 0, 445.45]
[3660.7000000000003, -3660.7000000000003, 2.8, 1.2, 3617.3, 6476.700000000001, 0, 0, 445.45]
[2774.6500000000005, -2774.6500000000005, 77.8, 17.2, 1899.8, 4024.2000000000003, 115.65, 655.3499999999999, 812.75]
[2774.6500000000005, -2774.6500000000005, 77.8, 17.2, 1899.8, 4024.2000000000003, 115.65, 655.3499999999999, 812.75]
[2774.6500000000005, -2774.6500000000005, 77.8, 17.2, 1899.8, 4024.2000000000003, 115.65, 655.3499999999999, 812.75]
[2774.6500000000005, -2774.6500000000005, 77.8, 17.2, 1899.8, 4024.2000000000003, 115.65, 655.3499999999999, 812.75]
[2774.6500000000005, -2774.6500000000005, 77.8, 17.2, 1899.8, 4024.2000000000003, 115.65, 655.3499999999999, 812.75]
[2774.6500000000005, -2774.6500000000005, 77.8, 17.2, 1899.8, 4024.2000000000003, 115.65, 655.3499999999999, 812.75]
[2774.6500000000005, -2774.6500000000005, 77.8, 17.2, 1899.8, 4024.2000000000003, 115.65, 655.3499999999999, 812.75]
[2774.6500000000005, -2774.6500000000005, 77.8, 17.2, 1899.8, 4024.2000000000003, 115.65, 655.3499999999999, 812.75]
[3329.0000000000005, -3329.0000000000005, 561.65, 109.35, 1539.6999999999998, 3010.3, 0, 0, 159.75]
[3329.0000000000005, -3329.0000000000005, 561.65, 109.35, 1539.6999999999998, 3010.3, 0, 0, 159.75]
[3329.0000000000005, -3329.0000000000005, 561.65, 109.35, 1539.6999999999998, 3010.3, 0, 0, 159.75]
[3329.0000000000005, -3329.0000000000005, 561.65, 109.35, 1539.6999999999998, 3010.3, 0, 0, 159.75]
[3329.0000000000005, -3329.0000000000005, 561.65, 109.35, 1539.6999999999998, 3010.3, 0, 0, 159.75]
[3329.0000000000005, -3329.0000000000005, 561.65, 109.35, 1539.6999999999998, 3010.3, 0, 0, 159.75]
[3329.0000000000005, -3329.0000000000005, 561.65, 109.35, 1539.6999999999998, 3010.3, 0, 0, 159.75]
[3329.0000000000005, -3329.0000000000005, 561.65, 109.35, 1539.6999999999998, 3010.3, 0, 0, 159.75]
[7904.0, -7904.0, 0, 0, 0, 0, 0, 0, 0]
[7904.0, -7904.0, 0, 0, 0, 0, 0, 0, 0]
[7904.0, -7904.0, 0, 0, 0, 0, 0, 0, 0]
[7904.0, -7904.0, 0, 0, 0, 0, 0, 0, 0]
[7904.0, -7904.0, 0, 0, 0, 0, 0, 0, 0]
[7904.0, -7904.0, 0, 0, 0, 0, 0, 0, 0]
[7904.0, -7904.0, 0, 0, 0, 0, 0, 0, 0]
[7904.0, -7904.0, 0, 0, 0, 0, 0, 0, 0]
[5658.750000000001, -5658.750000000001, 112.45, 60.55, 984.6500000000001, 1721.35, 0, 0, 247.15]
[5658.750000000001, -5658.750000000001, 112.45, 60.55, 984.6500000000001, 1721.35, 0, 0, 247.15]
[5658.750000000001, -5658.750000000001, 112.45, 60.55, 984.6500000000001, 1721.35, 0, 0, 247.15]
[5658.750000000001, -5658.750000000001, 112.45, 60.55, 984.6500000000001, 1721.35, 0, 0, 247.15]
[5658.750000000001, -5658.750000000001, 112.45, 60.55, 984.6500000000001, 1721.35, 0, 0, 247.15]
[5658.750000000001, -5658.750000000001, 112.45, 60.55, 984.6500000000001, 1721.35, 0, 0, 247.15]
[5658.750000000001, -5658.750000000001, 112.45, 60.55, 984.6500000000001, 1721.35, 0, 0, 247.15]
[5658.750000000001, -5658.750000000001, 112.45, 60.55, 984.6500000000001, 1721.35, 0, 0, 247.15]
[5246.0, -5246.0, 0, 0, 513.75, 856.25, 67.64999999999999, 223.34999999999997, 602.75]
[5246.0, -5246.0, 0, 0, 513.75, 856.25, 67.64999999999999, 223.34999999999997, 602.75]
[5246.0, -5246.0, 0, 0, 513.75, 856.25, 67.64999999999999, 223.34999999999997, 602.75]
[5246.0, -5246.0, 0, 0, 513.75, 856.25, 67.64999999999999, 223.34999999999997, 602.75]
[5246.0, -5246.0, 0, 0, 513.75, 856.25, 67.64999999999999, 223.34999999999997, 602.75]
[5246.0, -5246.0, 0, 0, 513.75, 856.25, 67.64999999999999, 223.34999999999997, 602.75]
[5246.0, -5246.0, 0, 0, 513.75, 856.25, 67.64999999999999, 223.34999999999997, 602.75]
[5246.0, -5246.0, 0, 0, 513.75, 856.25, 67.64999999999999, 223.34999999999997, 602.75]
[5769.749999999999, -5769.749999999999, 31.5, 283.5, 1001.45, 1752.55, 8.9, 525.1, 475.8]
[5769.749999999999, -5769.749999999999, 31.5, 283.5, 1001.45, 1752.55, 8.9, 525.1, 475.8]
[5769.749999999999, -5769.749999999999, 31.5, 283.5, 1001.45, 1752.55, 8.9, 525.1, 475.8]
[5769.749999999999, -5769.749999999999, 31.5, 283.5, 1001.45, 1752.55, 8.9, 525.1, 475.8]
[5769.749999999999, -5769.749999999999, 31.5, 283.5, 1001.45, 1752.55, 8.9, 525.1, 475.8]
[5769.749999999999, -5769.749999999999, 31.5, 283.5, 1001.45, 1752.55, 8.9, 525.1, 475.8]
[5769.749999999999, -5769.749999999999, 31.5, 283.5, 1001.45, 1752.55, 8.9, 525.1, 475.8]
[5769.749999999999, -5769.749999999999, 31.5, 283.5, 1001.45, 1752.55, 8.9, 525.1, 475.8]
[4569.55, -4569.55, 157.75, 27.25, 1003.1000000000001, 1748.8999999999999, 59.35, 588.65, 861.6]
[4569.55, -4569.55, 157.75, 27.25, 1003.1000000000001, 1748.8999999999999, 59.35, 588.65, 861.6]
[4569.55, -4569.55, 157.75, 27.25, 1003.1000000000001, 1748.8999999999999, 59.35, 588.65, 861.6]
[4569.55, -4569.55, 157.75, 27.25, 1003.1000000000001, 1748.8999999999999, 59.35, 588.65, 861.6]
[4569.55, -4569.55, 157.75, 27.25, 1003.1000000000001, 1748.8999999999999, 59.35, 588.65, 861.6]
[4569.55, -4569.55, 157.75, 27.25, 1003.1000000000001, 1748.8999999999999, 59.35, 588.65, 861.6]
[4569.55, -4569.55, 157.75, 27.25, 1003.1000000000001, 1748.8999999999999, 59.35, 588.65, 861.6]
[4569.55, -4569.55, 157.75, 27.25, 1003.1000000000001, 1748.8999999999999, 59.35, 588.65, 861.6]
[5266.0, -5266.0, 184.5, 310.5, 1258.5, 2223.5, 185.25, 1314.75, 455.70000000000005]
[5266.0, -5266.0, 184.5, 310.5, 1258.5, 2223.5, 185.25, 1314.75, 455.70000000000005]
[5266.0, -5266.0, 184.5, 310.5, 1258.5, 2223.5, 185.25, 1314.75, 455.70000000000005]
[5266.0, -5266.0, 184.5, 310.5, 1258.5, 2223.5, 185.25, 1314.75, 455.70000000000005]
[5266.0, -5266.0, 184.5, 310.5, 1258.5, 2223.5, 185.25, 1314.75, 455.70000000000005]
[5266.0, -5266.0, 184.5, 310.5, 1258.5, 2223.5, 185.25, 1314.75, 455.70000000000005]
[5266.0, -5266.0, 184.5, 310.5, 1258.5, 2223.5, 185.25, 1314.75, 455.70000000000005]
[5266.0, -5266.0, 184.5, 310.5, 1258.5, 2223.5, 185.25, 1314.75, 455.70000000000005]
[5647.15, -5647.15, 4.75, 0.25, 1364.3500000000001, 2135.65, 106.5, 532.5, 949.1999999999999]
[5647.15, -5647.15, 4.75, 0.25, 1364.3500000000001, 2135.65, 106.5, 532.5, 949.1999999999999]
[5647.15, -5647.15, 4.75, 0.25, 1364.3500000000001, 2135.65, 106.5, 532.5, 949.1999999999999]
[5647.15, -5647.15, 4.75, 0.25, 1364.3500000000001, 2135.65, 106.5, 532.5, 949.1999999999999]
[5647.15, -5647.15, 4.75, 0.25, 1364.3500000000001, 2135.65, 106.5, 532.5, 949.1999999999999]
[5647.15, -5647.15, 4.75, 0.25, 1364.3500000000001, 2135.65, 106.5, 532.5, 949.1999999999999]
[5647.15, -5647.15, 4.75, 0.25, 1364.3500000000001, 2135.65, 106.5, 532.5, 949.1999999999999]
[5647.15, -5647.15, 4.75, 0.25, 1364.3500000000001, 2135.65, 106.5, 532.5, 949.1999999999999]
[4492.099999999999, -4492.099999999999, 226.05, 230.95, 2059.65, 3428.3499999999995, 154.1, 688.9, 819.55]
[4492.099999999999, -4492.099999999999, 226.05, 230.95, 2059.65, 3428.3499999999995, 154.1, 688.9, 819.55]
[4492.099999999999, -4492.099999999999, 226.05, 230.95, 2059.65, 3428.3499999999995, 154.1, 688.9, 819.55]
[4492.099999999999, -4492.099999999999, 226.05, 230.95, 2059.65, 3428.3499999999995, 154.1, 688.9, 819.55]
[4492.099999999999, -4492.099999999999, 226.05, 230.95, 2059.65, 3428.3499999999995, 154.1, 688.9, 819.55]
[4492.099999999999, -4492.099999999999, 226.05, 230.95, 2059.65, 3428.3499999999995, 154.1, 688.9, 819.55]
[4492.099999999999, -4492.099999999999, 226.05, 230.95, 2059.65, 3428.3499999999995, 154.1, 688.9, 819.55]
[4492.099999999999, -4492.099999999999, 226.05, 230.95, 2059.65, 3428.3499999999995, 154.1, 688.9, 819.55]
[3673.8999999999996, -3673.8999999999996, 9.5, 0.5, 2418.2999999999997, 3895.7000000000003, 68.75, 1308.25, 1096.15]
[3673.8999999999996, -3673.8999999999996, 9.5, 0.5, 2418.2999999999997, 3895.7000000000003, 68.75, 1308.25, 1096.15]
[3673.8999999999996, -3673.8999999999996, 9.5, 0.5, 2418.2999999999997, 3895.7000000000003, 68.75, 1308.25, 1096.15]
[3673.8999999999996, -3673.8999999999996, 9.5, 0.5, 2418.2999999999997, 3895.7000000000003, 68.75, 1308.25, 1096.15]
[3673.8999999999996, -3673.8999999999996, 9.5, 0.5, 2418.2999999999997, 3895.7000000000003, 68.75, 1308.25, 1096.15]
[3673.8999999999996, -3673.8999999999996, 9.5, 0.5, 2418.2999999999997, 3895.7000000000003, 68.75, 1308.25, 1096.15]
[3673.8999999999996, -3673.8999999999996, 9.5, 0.5, 2418.2999999999997, 3895.7000000000003, 68.75, 1308.25, 1096.15]
[3673.8999999999996, -3673.8999999999996, 9.5, 0.5, 2418.2999999999997, 3895.7000000000003, 68.75, 1308.25, 1096.15]
[4679.4, -4679.4, 27.7, 5.300000000000001, 1766.3999999999999, 3609.6, 46.599999999999994, 259.4, 305.85]
[4679.4, -4679.4, 27.7, 5.300000000000001, 1766.3999999999999, 3609.6, 46.599999999999994, 259.4, 305.85]
[4679.4, -4679.4, 27.7, 5.300000000000001, 1766.3999999999999, 3609.6, 46.599999999999994, 259.4, 305.85]
[4679.4, -4679.4, 27.7, 5.300000000000001, 1766.3999999999999, 3609.6, 46.599999999999994, 259.4, 305.85]
[4679.4, -4679.4, 27.7, 5.300000000000001, 1766.3999999999999, 3609.6, 46.599999999999994, 259.4, 305.85]
[4679.4, -4679.4, 27.7, 5.300000000000001, 1766.3999999999999, 3609.6, 46.599999999999994, 259.4, 305.85]
[4679.4, -4679.4, 27.7, 5.300000000000001, 1766.3999999999999, 3609.6, 46.599999999999994, 259.4, 305.85]
[4679.4, -4679.4, 27.7, 5.300000000000001, 1766.3999999999999, 3609.6, 46.599999999999994, 259.4, 305.85]
[4318.6, -4318.6, 355.95, 563.05, 1667.8, 3762.2, 17.950000000000003, 66.05000000000001, 807.9]
[4318.6, -4318.6, 355.95, 563.05, 1667.8, 3762.2, 17.950000000000003, 66.05000000000001, 807.9]
[4318.6, -4318.6, 355.95, 563.05, 1667.8, 3762.2, 17.950000000000003, 66.05000000000001, 807.9]
[4318.6, -4318.6, 355.95, 563.05, 1667.8, 3762.2, 17.950000000000003, 66.05000000000001, 807.9]
[4318.6, -4318.6, 355.95, 563.05, 1667.8, 3762.2, 17.950000000000003, 66.05000000000001, 807.9]
[4318.6, -4318.6, 355.95, 563.05, 1667.8, 3762.2, 17.950000000000003, 66.05000000000001, 807.9]
[4318.6, -4318.6, 355.95, 563.05, 1667.8, 3762.2, 17.950000000000003, 66.05000000000001, 807.9]
[4318.6, -4318.6, 355.95, 563.05, 1667.8, 3762.2, 17.950000000000003, 66.05000000000001, 807.9]
[3826.5, -3826.5, 228.0, 12.0, 2163.75, 4748.25, 42.599999999999994, 539.4, 530.35]
[3826.5, -3826.5, 228.0, 12.0, 2163.75, 4748.25, 42.599999999999994, 539.4, 530.35]
[3826.5, -3826.5, 228.0, 12.0, 2163.75, 4748.25, 42.599999999999994, 539.4, 530.35]
[3826.5, -3826.5, 228.0, 12.0, 2163.75, 4748.25, 42.599999999999994, 539.4, 530.35]
[3826.5, -3826.5, 228.0, 12.0, 2163.75, 4748.25, 42.599999999999994, 539.4, 530.35]
[3826.5, -3826.5, 228.0, 12.0, 2163.75, 4748.25, 42.599999999999994, 539.4, 530.35]
[3826.5, -3826.5, 228.0, 12.0, 2163.75, 4748.25, 42.599999999999994, 539.4, 530.35]
[3826.5, -3826.5, 228.0, 12.0, 2163.75, 4748.25, 42.599999999999994, 539.4, 530.35]
[3780.15, -3780.15, 116.75, 28.25, 1948.6999999999998, 4065.2999999999997, 2.7, 15.299999999999999, 1193.5]
[3780.15, -3780.15, 116.75, 28.25, 1948.6999999999998, 4065.2999999999997, 2.7, 15.299999999999999, 1193.5]
[3780.15, -3780.15, 116.75, 28.25, 1948.6999999999998, 4065.2999999999997, 2.7, 15.299999999999999, 1193.5]
[3780.15, -3780.15, 116.75, 28.25, 1948.6999999999998, 4065.2999999999997, 2.7, 15.299999999999999, 1193.5]
[3780.15, -3780.15, 116.75, 28.25, 1948.6999999999998, 4065.2999999999997, 2.7, 15.299999999999999, 1193.5]
[3780.15, -3780.15, 116.75, 28.25, 1948.6999999999998, 4065.2999999999997, 2.7, 15.299999999999999, 1193.5]
[3780.15, -3780.15, 116.75, 28.25, 1948.6999999999998, 4065.2999999999997, 2.7, 15.299999999999999, 1193.5]
[3780.15, -3780.15, 116.75, 28.25, 1948.6999999999998, 4065.2999999999997, 2.7, 15.299999999999999, 1193.5]
[3517.05, -3517.05, 213.60000000000002, 86.4, 2542.7, 5311.3, 109.30000000000001, 1342.6999999999998, 318.95]
[3517.05, -3517.05, 213.60000000000002, 86.4, 2542.7, 5311.3, 109.30000000000001, 1342.6999999999998, 318.95]
[3517.05, -3517.05, 213.60000000000002, 86.4, 2542.7, 5311.3, 109.30000000000001, 1342.6999999999998, 318.95]
[3517.05, -3517.05, 213.60000000000002, 86.4, 2542.7, 5311.3, 109.30000000000001, 1342.6999999999998, 318.95]
[3517.05, -3517.05, 213.60000000000002, 86.4, 2542.7, 5311.3, 109.30000000000001, 1342.6999999999998, 318.95]
[3517.05, -3517.05, 213.60000000000002, 86.4, 2542.7, 5311.3, 109.30000000000001, 1342.6999999999998, 318.95]
[3517.05, -3517.05, 213.60000000000002, 86.4, 2542.7, 5311.3, 109.30000000000001, 1342.6999999999998, 318.95]
[3517.05, -3517.05, 213.60000000000002, 86.4, 2542.7, 5311.3, 109.30000000000001, 1342.6999999999998, 318.95]
[3389.5999999999995, -3389.5999999999995, 0, 0, 1174.45, 2305.5499999999997, 166.5, 1420.5, 1450.35]
[3389.5999999999995, -3389.5999999999995, 0, 0, 1174.45, 2305.5499999999997, 166.5, 1420.5, 1450.35]
[3389.5999999999995, -3389.5999999999995, 0, 0, 1174.45, 2305.5499999999997, 166.5, 1420.5, 1450.35]
[3389.5999999999995, -3389.5999999999995, 0, 0, 1174.45, 2305.5499999999997, 166.5, 1420.5, 1450.35]
[3389.5999999999995, -3389.5999999999995, 0, 0, 1174.45, 2305.5499999999997, 166.5, 1420.5, 1450.35]
[3389.5999999999995, -3389.5999999999995, 0, 0, 1174.45, 2305.5499999999997, 166.5, 1420.5, 1450.35]
[3389.5999999999995, -3389.5999999999995, 0, 0, 1174.45, 2305.5499999999997, 166.5, 1420.5, 1450.35]
[3389.5999999999995, -3389.5999999999995, 0, 0, 1174.45, 2305.5499999999997, 166.5, 1420.5, 1450.35]
[3797.9, -3797.9, 144.55, 313.45, 1660.7, 4249.3, 21.200000000000003, 1250.8000000000002, 498.84999999999997]
[3797.9, -3797.9, 144.55, 313.45, 1660.7, 4249.3, 21.200000000000003, 1250.8000000000002, 498.84999999999997]
[3797.9, -3797.9, 144.55, 313.45, 1660.7, 4249.3, 21.200000000000003, 1250.8000000000002, 498.84999999999997]
[3797.9, -3797.9, 144.55, 313.45, 1660.7, 4249.3, 21.200000000000003, 1250.8000000000002, 498.84999999999997]
[3797.9, -3797.9, 144.55, 313.45, 1660.7, 4249.3, 21.200000000000003, 1250.8000000000002, 498.84999999999997]
[3797.9, -3797.9, 144.55, 313.45, 1660.7, 4249.3, 21.200000000000003, 1250.8000000000002, 498.84999999999997]
[3797.9, -3797.9, 144.55, 313.45, 1660.7, 4249.3, 21.200000000000003, 1250.8000000000002, 498.84999999999997]
[3797.9, -3797.9, 144.55, 313.45, 1660.7, 4249.3, 21.200000000000003, 1250.8000000000002, 498.84999999999997]
[5608.0, -5608.0, 0, 0, 0, 0, 0, 0, 0]
[5608.0, -5608.0, 0, 0, 0, 0, 0, 0, 0]
[5608.0, -5608.0, 0, 0, 0, 0, 0, 0, 0]
[5608.0, -5608.0, 0, 0, 0, 0, 0, 0, 0]
[5608.0, -5608.0, 0, 0, 0, 0, 0, 0, 0]
[5608.0, -5608.0, 0, 0, 0, 0, 0, 0, 0]
[5608.0, -5608.0, 0, 0, 0, 0, 0, 0, 0]
[5608.0, -5608.0, 0, 0, 0, 0, 0, 0, 0]
[3511.1, -3511.1, 5.1, 6.8999999999999995, 1689.6499999999999, 2638.35, 8.5, 39.5, 418.95000000000005]
[3511.1, -3511.1, 5.1, 6.8999999999999995, 1689.6499999999999, 2638.35, 8.5, 39.5, 418.95000000000005]
[3511.1, -3511.1, 5.1, 6.8999999999999995, 1689.6499999999999, 2638.35, 8.5, 39.5, 418.95000000000005]
[3511.1, -3511.1, 5.1, 6.8999999999999995, 1689.6499999999999, 2638.35, 8.5, 39.5, 418.95000000000005]
[3511.1, -3511.1, 5.1, 6.8999999999999995, 1689.6499999999999, 2638.35, 8.5, 39.5, 418.95000000000005]
[3511.1, -3511.1, 5.1, 6.8999999999999995, 1689.6499999999999, 2638.35, 8.5, 39.5, 418.95000000000005]
[3511.1, -3511.1, 5.1, 6.8999999999999995, 1689.6499999999999, 2638.35, 8.5, 39.5, 418.95000000000005]
[3511.1, -3511.1, 5.1, 6.8999999999999995, 1689.6499999999999, 2638.35, 8.5, 39.5, 418.95000000000005]
[3313.1499999999996, -3313.1499999999996, 4.75, 0.25, 1741.7, 2864.3, 46.35000000000001, 1537.65, 684.25]
[3313.1499999999996, -3313.1499999999996, 4.75, 0.25, 1741.7, 2864.3, 46.35000000000001, 1537.65, 684.25]
[3313.1499999999996, -3313.1499999999996, 4.75, 0.25, 1741.7, 2864.3, 46.35000000000001, 1537.65, 684.25]
[3313.1499999999996, -3313.1499999999996, 4.75, 0.25, 1741.7, 2864.3, 46.35000000000001, 1537.65, 684.25]
[3313.1499999999996, -3313.1499999999996, 4.75, 0.25, 1741.7, 2864.3, 46.35000000000001, 1537.65, 684.25]
[3313.1499999999996, -3313.1499999999996, 4.75, 0.25, 1741.7, 2864.3, 46.35000000000001, 1537.65, 684.25]
[3313.1499999999996, -3313.1499999999996, 4.75, 0.25, 1741.7, 2864.3, 46.35000000000001, 1537.65, 684.25]
[3313.1499999999996, -3313.1499999999996, 4.75, 0.25, 1741.7, 2864.3, 46.35000000000001, 1537.65, 684.25]
[4155.95, -4155.95, 220.9, 10.099999999999998, 1831.1999999999998, 2902.7999999999997, 26.550000000000004, 738.4499999999999, 516.5]
[4155.95, -4155.95, 220.9, 10.099999999999998, 1831.1999999999998, 2902.7999999999997, 26.550000000000004, 738.4499999999999, 516.5]
[4155.95, -4155.95, 220.9, 10.099999999999998, 1831.1999999999998, 2902.7999999999997, 26.550000000000004, 738.4499999999999, 516.5]
[4155.95, -4155.95, 220.9, 10.099999999999998, 1831.1999999999998, 2902.7999999999997, 26.550000000000004, 738.4499999999999, 516.5]
[4155.95, -4155.95, 220.9, 10.099999999999998, 1831.1999999999998, 2902.7999999999997, 26.550000000000004, 738.4499999999999, 516.5]
[4155.95, -4155.95, 220.9, 10.099999999999998, 1831.1999999999998, 2902.7999999999997, 26.550000000000004, 738.4499999999999, 516.5]
[4155.95, -4155.95, 220.9, 10.099999999999998, 1831.1999999999998, 2902.7999999999997, 26.550000000000004, 738.4499999999999, 516.5]
[4155.95, -4155.95, 220.9, 10.099999999999998, 1831.1999999999998, 2902.7999999999997, 26.550000000000004, 738.4499999999999, 516.5]
[4874.35, -4874.35, 162.8, 85.19999999999999, 1231.35, 2144.65, 29.550000000000004, 750.4499999999999, 1018.35]
[4874.35, -4874.35, 162.8, 85.19999999999999, 1231.35, 2144.65, 29.550000000000004, 750.4499999999999, 1018.35]
[4874.35, -4874.35, 162.8, 85.19999999999999, 1231.35, 2144.65, 29.550000000000004, 750.4499999999999, 1018.35]
[4874.35, -4874.35, 162.8, 85.19999999999999, 1231.35, 2144.65, 29.550000000000004, 750.4499999999999, 1018.35]
[4874.35, -4874.35, 162.8, 85.19999999999999, 1231.35, 2144.65, 29.550000000000004, 750.4499999999999, 1018.35]
[4874.35, -4874.35, 162.8, 85.19999999999999, 1231.35, 2144.65, 29.550000000000004, 750.4499999999999, 1018.35]
[4874.35, -4874.35, 162.8, 85.19999999999999, 1231.35, 2144.65, 29.550000000000004, 750.4499999999999, 1018.35]
[4874.35, -4874.35, 162.8, 85.19999999999999, 1231.35, 2144.65, 29.550000000000004, 750.4499999999999, 1018.35]
[4898.950000000001, -4898.950000000001, 425.75000000000006, 70.25000000000001, 1892.6, 3013.3999999999996, 4.35, 19.65, 532.7]
[4898.950000000001, -4898.950000000001, 425.75000000000006, 70.25000000000001, 1892.6, 3013.3999999999996, 4.35, 19.65, 532.7]
[4898.950000000001, -4898.950000000001, 425.75000000000006, 70.25000000000001, 1892.6, 3013.3999999999996, 4.35, 19.65, 532.7]
[4898.950000000001, -4898.950000000001, 425.75000000000006, 70.25000000000001, 1892.6, 3013.3999999999996, 4.35, 19.65, 532.7]
[4898.950000000001, -4898.950000000001, 425.75000000000006, 70.25000000000001, 1892.6, 3013.3999999999996, 4.35, 19.65, 532.7]
[4898.950000000001, -4898.950000000001, 425.75000000000006, 70.25000000000001, 1892.6, 3013.3999999999996, 4.35, 19.65, 532.7]
[4898.950000000001, -4898.950000000001, 425.75000000000006, 70.25000000000001, 1892.6, 3013.3999999999996, 4.35, 19.65, 532.7]
[4898.950000000001, -4898.950000000001, 425.75000000000006, 70.25000000000001, 1892.6, 3013.3999999999996, 4.35, 19.65, 532.7]
[2749.85, -2749.85, 553.9, 170.09999999999997, 1829.2, 3046.8, 143.55, 1401.4499999999998, 1092.6]
[2749.85, -2749.85, 553.9, 170.09999999999997, 1829.2, 3046.8, 143.55, 1401.4499999999998, 1092.6]
[2749.85, -2749.85, 553.9, 170.09999999999997, 1829.2, 3046.8, 143.55, 1401.4499999999998, 1092.6]
[2749.85, -2749.85, 553.9, 170.09999999999997, 1829.2, 3046.8, 143.55, 1401.4499999999998, 1092.6]
[2749.85, -2749.85, 553.9, 170.09999999999997, 1829.2, 3046.8, 143.55, 1401.4499999999998, 1092.6]
[2749.85, -2749.85, 553.9, 170.09999999999997, 1829.2, 3046.8, 143.55, 1401.4499999999998, 1092.6]
[2749.85, -2749.85, 553.9, 170.09999999999997, 1829.2, 3046.8, 143.55, 1401.4499999999998, 1092.6]
[2749.85, -2749.85, 553.9, 170.09999999999997, 1829.2, 3046.8, 143.55, 1401.4499999999998, 1092.6]
[3860.3500000000004, -3860.3500000000004, 173.6, 32.4, 1867.7499999999998, 3076.25, 131.6, 1431.4, 1186.7]
[3860.3500000000004, -3860.3500000000004, 173.6, 32.4, 1867.7499999999998, 3076.25, 131.6, 1431.4, 1186.7]
[3860.3500000000004, -3860.3500000000004, 173.6, 32.4, 1867.7499999999998, 3076.25, 131.6, 1431.4, 1186.7]
[3860.3500000000004, -3860.3500000000004, 173.6, 32.4, 1867.7499999999998, 3076.25, 131.6, 1431.4, 1186.7]
[3860.3500000000004, -3860.3500000000004, 173.6, 32.4, 1867.7499999999998, 3076.25, 131.6, 1431.4, 1186.7]
[3860.3500000000004, -3860.3500000000004, 173.6, 32.4, 1867.7499999999998, 3076.25, 131.6, 1431.4, 1186.7]
[3860.3500000000004, -3860.3500000000004, 173.6, 32.4, 1867.7499999999998, 3076.25, 131.6, 1431.4, 1186.7]
[3860.3500000000004, -3860.3500000000004, 173.6, 32.4, 1867.7499999999998, 3076.25, 131.6, 1431.4, 1186.7]
[3776.7, -3776.7, 237.45000000000002, 107.55, 1885.85, 2944.15, 13.05, 697.95, 673.15]
[3776.7, -3776.7, 237.45000000000002, 107.55, 1885.85, 2944.15, 13.05, 697.95, 673.15]
[3776.7, -3776.7, 237.45000000000002, 107.55, 1885.85, 2944.15, 13.05, 697.95, 673.15]
[3776.7, -3776.7, 237.45000000000002, 107.55, 1885.85, 2944.15, 13.05, 697.95, 673.15]
[3776.7, -3776.7, 237.45000000000002, 107.55, 1885.85, 2944.15, 13.05, 697.95, 673.15]
[3776.7, -3776.7, 237.45000000000002, 107.55, 1885.85, 2944.15, 13.05, 697.95, 673.15]
[3776.7, -3776.7, 237.45000000000002, 107.55, 1885.85, 2944.15, 13.05, 697.95, 673.15]
[3776.7, -3776.7, 237.45000000000002, 107.55, 1885.85, 2944.15, 13.05, 697.95, 673.15]
[3306.3999999999996, -3306.3999999999996, 94.0, 278.0, 1476.55, 2725.45, 249.85, 575.15, 1172.2]
[3306.3999999999996, -3306.3999999999996, 94.0, 278.0, 1476.55, 2725.45, 249.85, 575.15, 1172.2]
[3306.3999999999996, -3306.3999999999996, 94.0, 278.0, 1476.55, 2725.45, 249.85, 575.15, 1172.2]
[3306.3999999999996, -3306.3999999999996, 94.0, 278.0, 1476.55, 2725.45, 249.85, 575.15, 1172.2]
[3306.3999999999996, -3306.3999999999996, 94.0, 278.0, 1476.55, 2725.45, 249.85, 575.15, 1172.2]
[3306.3999999999996, -3306.3999999999996, 94.0, 278.0, 1476.55, 2725.45, 249.85, 575.15, 1172.2]
[3306.3999999999996, -3306.3999999999996, 94.0, 278.0, 1476.55, 2725.45, 249.85, 575.15, 1172.2]
[3306.3999999999996, -3306.3999999999996, 94.0, 278.0, 1476.55, 2725.45, 249.85, 575.15, 1172.2]
[2965.85, -2965.85, 437.1, 239.9, 2798.5, 4705.5, 206.64999999999998, 1548.35, 417.55000000000007]
[2965.85, -2965.85, 437.1, 239.9, 2798.5, 4705.5, 206.64999999999998, 1548.35, 417.55000000000007]
[2965.85, -2965.85, 437.1, 239.9, 2798.5, 4705.5, 206.64999999999998, 1548.35, 417.55000000000007]
[2965.85, -2965.85, 437.1, 239.9, 2798.5, 4705.5, 206.64999999999998, 1548.35, 417.55000000000007]
[2965.85, -2965.85, 437.1, 239.9, 2798.5, 4705.5, 206.64999999999998, 1548.35, 417.55000000000007]
[2965.85, -2965.85, 437.1, 239.9, 2798.5, 4705.5, 206.64999999999998, 1548.35, 417.55000000000007]
[2965.85, -2965.85, 437.1, 239.9, 2798.5, 4705.5, 206.64999999999998, 1548.35, 417.55000000000007]
[2965.85, -2965.85, 437.1, 239.9, 2798.5, 4705.5, 206.64999999999998, 1548.35, 417.55000000000007]
[3849.95, -3849.95, 187.15, 0.85, 1565.65, 3004.35, 7.2, 259.8, 1426.45]
[3849.95, -3849.95, 187.15, 0.85, 1565.65, 3004.35, 7.2, 259.8, 1426.45]
[3849.95, -3849.95, 187.15, 0.85, 1565.65, 3004.35, 7.2, 259.8, 1426.45]
[3849.95, -3849.95, 187.15, 0.85, 1565.65, 3004.35, 7.2, 259.8, 1426.45]
[3849.95, -3849.95, 187.15, 0.85, 1565.65, 3004.35, 7.2, 259.8, 1426.45]
[3849.95, -3849.95, 187.15, 0.85, 1565.65, 3004.35, 7.2, 259.8, 1426.45]
[3849.95, -3849.95, 187.15, 0.85, 1565.65, 3004.35, 7.2, 259.8, 1426.45]
[3849.95, -3849.95, 187.15, 0.85, 1565.65, 3004.35, 7.2, 259.8, 1426.45]
[2911.85, -2911.85, 429.7, 145.29999999999998, 1382.75, 2743.25, 56.20000000000001, 1503.8, 1284.1]
[2911.85, -2911.85, 429.7, 145.29999999999998, 1382.75, 2743.25, 56.20000000000001, 1503.8, 1284.1]
[2911.85, -2911.85, 429.7, 145.29999999999998, 1382.75, 2743.25, 56.20000000000001, 1503.8, 1284.1]
[2911.85, -2911.85, 429.7, 145.29999999999998, 1382.75, 2743.25, 56.20000000000001, 1503.8, 1284.1]
[2911.85, -2911.85, 429.7, 145.29999999999998, 1382.75, 2743.25, 56.20000000000001, 1503.8, 1284.1]
[2911.85, -2911.85, 429.7, 145.29999999999998, 1382.75, 2743.25, 56.20000000000001, 1503.8, 1284.1]
[2911.85, -2911.85, 429.7, 145.29999999999998, 1382.75, 2743.25, 56.20000000000001, 1503.8, 1284.1]
[2911.85, -2911.85, 429.7, 145.29999999999998, 1382.75, 2743.25, 56.20000000000001, 1503.8, 1284.1]
[3889.25, -3889.25, 0, 0, 3466.4999999999995, 6023.5, 43.25, 814.7499999999999, 516.5]
[3889.25, -3889.25, 0, 0, 3466.4999999999995, 6023.5, 43.25, 814.7499999999999, 516.5]
[3889.25, -3889.25, 0, 0, 3466.4999999999995, 6023.5, 43.25, 814.7499999999999, 516.5]
[3889.25, -3889.25, 0, 0, 3466.4999999999995, 6023.5, 43.25, 814.7499999999999, 516.5]
[3889.25, -3889.25, 0, 0, 3466.4999999999995, 6023.5, 43.25, 814.7499999999999, 516.5]
[3889.25, -3889.25, 0, 0, 3466.4999999999995, 6023.5, 43.25, 814.7499999999999, 516.5]
[3889.25, -3889.25, 0, 0, 3466.4999999999995, 6023.5, 43.25, 814.7499999999999, 516.5]
[3889.25, -3889.25, 0, 0, 3466.4999999999995, 6023.5, 43.25, 814.7499999999999, 516.5]
[3525.85, -3525.85, 265.65, 83.35, 1858.25, 3455.75, 145.7, 2140.3, 1110.35]
[3525.85, -3525.85, 265.65, 83.35, 1858.25, 3455.75, 145.7, 2140.3, 1110.35]
[3525.85, -3525.85, 265.65, 83.35, 1858.25, 3455.75, 145.7, 2140.3, 1110.35]
[3525.85, -3525.85, 265.65, 83.35, 1858.25, 3455.75, 145.7, 2140.3, 1110.35]
[3525.85, -3525.85, 265.65, 83.35, 1858.25, 3455.75, 145.7, 2140.3, 1110.35]
[3525.85, -3525.85, 265.65, 83.35, 1858.25, 3455.75, 145.7, 2140.3, 1110.35]
[3525.85, -3525.85, 265.65, 83.35, 1858.25, 3455.75, 145.7, 2140.3, 1110.35]
[3525.85, -3525.85, 265.65, 83.35, 1858.25, 3455.75, 145.7, 2140.3, 1110.35]
[2770.75, -2770.75, 663.9, 282.09999999999997, 1835.15, 3580.85, 35.6, 762.4, 1144.75]
[2770.75, -2770.75, 663.9, 282.09999999999997, 1835.15, 3580.85, 35.6, 762.4, 1144.75]
[2770.75, -2770.75, 663.9, 282.09999999999997, 1835.15, 3580.85, 35.6, 762.4, 1144.75]
[2770.75, -2770.75, 663.9, 282.09999999999997, 1835.15, 3580.85, 35.6, 762.4, 1144.75]
[2770.75, -2770.75, 663.9, 282.09999999999997, 1835.15, 3580.85, 35.6, 762.4, 1144.75]
[2770.75, -2770.75, 663.9, 282.09999999999997, 1835.15, 3580.85, 35.6, 762.4, 1144.75]
[2770.75, -2770.75, 663.9, 282.09999999999997, 1835.15, 3580.85, 35.6, 762.4, 1144.75]
[2770.75, -2770.75, 663.9, 282.09999999999997, 1835.15, 3580.85, 35.6, 762.4, 1144.75]
[4392.0, -4392.0, 0, 0, 0, 0, 0, 0, 0]
[4392.0, -4392.0, 0, 0, 0, 0, 0, 0, 0]
[4392.0, -4392.0, 0, 0, 0, 0, 0, 0, 0]
[4392.0, -4392.0, 0, 0, 0, 0, 0, 0, 0]
[4392.0, -4392.0, 0, 0, 0, 0, 0, 0, 0]
[4392.0, -4392.0, 0, 0, 0, 0, 0, 0, 0]
[4392.0, -4392.0, 0, 0, 0, 0, 0, 0, 0]
[4392.0, -4392.0, 0, 0, 0, 0, 0, 0, 0]
[4177.75, -4177.75, 12.25, 36.75, 1120.75, 1687.25, 24.1, 140.9, 800.25]
[4177.75, -4177.75, 12.25, 36.75, 1120.75, 1687.25, 24.1, 140.9, 800.25]
[4177.75, -4177.75, 12.25, 36.75, 1120.75, 1687.25, 24.1, 140.9, 800.25]
[4177.75, -4177.75, 12.25, 36.75, 1120.75, 1687.25, 24.1, 140.9, 800.25]
[4177.75, -4177.75, 12.25, 36.75, 1120.75, 1687.25, 24.1, 140.9, 800.25]
[4177.75, -4177.75, 12.25, 36.75, 1120.75, 1687.25, 24.1, 140.9, 800.25]
[4177.75, -4177.75, 12.25, 36.75, 1120.75, 1687.25, 24.1, 140.9, 800.25]
[4177.75, -4177.75, 12.25, 36.75, 1120.75, 1687.25, 24.1, 140.9, 800.25]
[2975.7499999999995, -2975.7499999999995, 0, 0, 991.3000000000001, 1788.7000000000003, 91.45, 367.55, 811.3]
[2975.7499999999995, -2975.7499999999995, 0, 0, 991.3000000000001, 1788.7000000000003, 91.45, 367.55, 811.3]
[2975.7499999999995, -2975.7499999999995, 0, 0, 991.3000000000001, 1788.7000000000003, 91.45, 367.55, 811.3]
[2975.7499999999995, -2975.7499999999995, 0, 0, 991.3000000000001, 1788.7000000000003, 91.45, 367.55, 811.3]
[2975.7499999999995, -2975.7499999999995, 0, 0, 991.3000000000001, 1788.7000000000003, 91.45, 367.55, 811.3]
[2975.7499999999995, -2975.7499999999995, 0, 0, 991.3000000000001, 1788.7000000000003, 91.45, 367.55, 811.3]
[2975.7499999999995, -2975.7499999999995, 0, 0, 991.3000000000001, 1788.7000000000003, 91.45, 367.55, 811.3]
[2975.7499999999995, -2975.7499999999995, 0, 0, 991.3000000000001, 1788.7000000000003, 91.45, 367.55, 811.3]
[4706.599999999999, -4706.599999999999, 12.25, 36.75, 296.05, 409.95, 25.85, 634.1500000000001, 702.8]
[4706.599999999999, -4706.599999999999, 12.25, 36.75, 296.05, 409.95, 25.85, 634.1500000000001, 702.8]
[4706.599999999999, -4706.599999999999, 12.25, 36.75, 296.05, 409.95, 25.85, 634.1500000000001, 702.8]
[4706.599999999999, -4706.599999999999, 12.25, 36.75, 296.05, 409.95, 25.85, 634.1500000000001, 702.8]
[4706.599999999999, -4706.599999999999, 12.25, 36.75, 296.05, 409.95, 25.85, 634.1500000000001, 702.8]
[4706.599999999999, -4706.599999999999, 12.25, 36.75, 296.05, 409.95, 25.85, 634.1500000000001, 702.8]
[4706.599999999999, -4706.599999999999, 12.25, 36.75, 296.05, 409.95, 25.85, 634.1500000000001, 702.8]
[4706.599999999999, -4706.599999999999, 12.25, 36.75, 296.05, 409.95, 25.85, 634.1500000000001, 702.8]
[3663.6499999999996, -3663.6499999999996, 4.75, 0.25, 1228.85, 2267.15, 14.45, 36.55, 1739.1]
[3663.6499999999996, -3663.6499999999996, 4.75, 0.25, 1228.85, 2267.15, 14.45, 36.55, 1739.1]
[3663.6499999999996, -3663.6499999999996, 4.75, 0.25, 1228.85, 2267.15, 14.45, 36.55, 1739.1]
[3663.6499999999996, -3663.6499999999996, 4.75, 0.25, 1228.85, 2267.15, 14.45, 36.55, 1739.1]
[3663.6499999999996, -3663.6499999999996, 4.75, 0.25, 1228.85, 2267.15, 14.45, 36.55, 1739.1]
[3663.6499999999996, -3663.6499999999996, 4.75, 0.25, 1228.85, 2267.15, 14.45, 36.55, 1739.1]
[3663.6499999999996, -3663.6499999999996, 4.75, 0.25, 1228.85, 2267.15, 14.45, 36.55, 1739.1]
[3663.6499999999996, -3663.6499999999996, 4.75, 0.25, 1228.85, 2267.15, 14.45, 36.55, 1739.1]
[3869.15, -3869.15, 18.5, 11.5, 1237.5500000000002, 2840.45, 31.200000000000003, 700.8000000000001, 1018.25]
[3869.15, -3869.15, 18.5, 11.5, 1237.5500000000002, 2840.45, 31.200000000000003, 700.8000000000001, 1018.25]
[3869.15, -3869.15, 18.5, 11.5, 1237.5500000000002, 2840.45, 31.200000000000003, 700.8000000000001, 1018.25]
[3869.15, -3869.15, 18.5, 11.5, 1237.5500000000002, 2840.45, 31.200000000000003, 700.8000000000001, 1018.25]
[3869.15, -3869.15, 18.5, 11.5, 1237.5500000000002, 2840.45, 31.200000000000003, 700.8000000000001, 1018.25]
[3869.15, -3869.15, 18.5, 11.5, 1237.5500000000002, 2840.45, 31.200000000000003, 700.8000000000001, 1018.25]
[3869.15, -3869.15, 18.5, 11.5, 1237.5500000000002, 2840.45, 31.200000000000003, 700.8000000000001, 1018.25]
[3869.15, -3869.15, 18.5, 11.5, 1237.5500000000002, 2840.45, 31.200000000000003, 700.8000000000001, 1018.25]
[3910.95, -3910.95, 9.9, 8.1, 934.6499999999999, 1803.3500000000001, 123.45, 641.55, 1677.45]
[3910.95, -3910.95, 9.9, 8.1, 934.6499999999999, 1803.3500000000001, 123.45, 641.55, 1677.45]
[3910.95, -3910.95, 9.9, 8.1, 934.6499999999999, 1803.3500000000001, 123.45, 641.55, 1677.45]
[3910.95, -3910.95, 9.9, 8.1, 934.6499999999999, 1803.3500000000001, 123.45, 641.55, 1677.45]
[3910.95, -3910.95, 9.9, 8.1, 934.6499999999999, 1803.3500000000001, 123.45, 641.55, 1677.45]
[3910.95, -3910.95, 9.9, 8.1, 934.6499999999999, 1803.3500000000001, 123.45, 641.55, 1677.45]
[3910.95, -3910.95, 9.9, 8.1, 934.6499999999999, 1803.3500000000001, 123.45, 641.55, 1677.45]
[3910.95, -3910.95, 9.9, 8.1, 934.6499999999999, 1803.3500000000001, 123.45, 641.55, 1677.45]
[3006.2, -3006.2, 68.8, 205.2, 1733.6000000000001, 3762.4, 157.1, 700.9, 1089.1999999999998]
[3006.2, -3006.2, 68.8, 205.2, 1733.6000000000001, 3762.4, 157.1, 700.9, 1089.1999999999998]
[3006.2, -3006.2, 68.8, 205.2, 1733.6000000000001, 3762.4, 157.1, 700.9, 1089.1999999999998]
[3006.2, -3006.2, 68.8, 205.2, 1733.6000000000001, 3762.4, 157.1, 700.9, 1089.1999999999998]
[3006.2, -3006.2, 68.8, 205.2, 1733.6000000000001, 3762.4, 157.1, 700.9, 1089.1999999999998]
[3006.2, -3006.2, 68.8, 205.2, 1733.6000000000001, 3762.4, 157.1, 700.9, 1089.1999999999998]
[3006.2, -3006.2, 68.8, 205.2, 1733.6000000000001, 3762.4, 157.1, 700.9, 1089.1999999999998]
[3006.2, -3006.2, 68.8, 205.2, 1733.6000000000001, 3762.4, 157.1, 700.9, 1089.1999999999998]
[3028.4000000000005, -3028.4000000000005, 44.1, 4.9, 2102.7, 4273.3, 31.949999999999996, 781.0500000000001, 900.0999999999999]
[3028.4000000000005, -3028.4000000000005, 44.1, 4.9, 2102.7, 4273.3, 31.949999999999996, 781.0500000000001, 900.0999999999999]
[3028.4000000000005, -3028.4000000000005, 44.1, 4.9, 2102.7, 4273.3, 31.949999999999996, 781.0500000000001, 900.0999999999999]
[3028.4000000000005, -3028.4000000000005, 44.1, 4.9, 2102.7, 4273.3, 31.949999999999996, 781.0500000000001, 900.0999999999999]
[3028.4000000000005, -3028.4000000000005, 44.1, 4.9, 2102.7, 4273.3, 31.949999999999996, 781.0500000000001, 900.0999999999999]
[3028.4000000000005, -3028.4000000000005, 44.1, 4.9, 2102.7, 4273.3, 31.949999999999996, 781.0500000000001, 900.0999999999999]
[3028.4000000000005, -3028.4000000000005, 44.1, 4.9, 2102.7, 4273.3, 31.949999999999996, 781.0500000000001, 900.0999999999999]
[3028.4000000000005, -3028.4000000000005, 44.1, 4.9, 2102.7, 4273.3, 31.949999999999996, 781.0500000000001, 900.0999999999999]
[3633.4, -3633.4, 215.7, 105.3, 1110.6, 2185.4, 46.599999999999994, 259.4, 1360.0]
[3633.4, -3633.4, 215.7, 105.3, 1110.6, 2185.4, 46.599999999999994, 259.4, 1360.0]
[3633.4, -3633.4, 215.7, 105.3, 1110.6, 2185.4, 46.599999999999994, 259.4, 1360.0]
[3633.4, -3633.4, 215.7, 105.3, 1110.6, 2185.4, 46.599999999999994, 259.4, 1360.0]
[3633.4, -3633.4, 215.7, 105.3, 1110.6, 2185.4, 46.599999999999994, 259.4, 1360.0]
[3633.4, -3633.4, 215.7, 105.3, 1110.6, 2185.4, 46.599999999999994, 259.4, 1360.0]
[3633.4, -3633.4, 215.7, 105.3, 1110.6, 2185.4, 46.599999999999994, 259.4, 1360.0]
[3633.4, -3633.4, 215.7, 105.3, 1110.6, 2185.4, 46.599999999999994, 259.4, 1360.0]
[3645.05, -3645.05, 128.75, 201.24999999999997, 1626.65, 3019.35, 316.3, 700.7, 1047.9]
[3645.05, -3645.05, 128.75, 201.24999999999997, 1626.65, 3019.35, 316.3, 700.7, 1047.9]
[3645.05, -3645.05, 128.75, 201.24999999999997, 1626.65, 3019.35, 316.3, 700.7, 1047.9]
[3645.05, -3645.05, 128.75, 201.24999999999997, 1626.65, 3019.35, 316.3, 700.7, 1047.9]
[3645.05, -3645.05, 128.75, 201.24999999999997, 1626.65, 3019.35, 316.3, 700.7, 1047.9]
[3645.05, -3645.05, 128.75, 201.24999999999997, 1626.65, 3019.35, 316.3, 700.7, 1047.9]
[3645.05, -3645.05, 128.75, 201.24999999999997, 1626.65, 3019.35, 316.3, 700.7, 1047.9]
[3645.05, -3645.05, 128.75, 201.24999999999997, 1626.65, 3019.35, 316.3, 700.7, 1047.9]
[3187.65, -3187.65, 8.65, 3.35, 2288.65, 5143.35, 66.6, 560.4, 1141.0]
[3187.65, -3187.65, 8.65, 3.35, 2288.65, 5143.35, 66.6, 560.4, 1141.0]
[3187.65, -3187.65, 8.65, 3.35, 2288.65, 5143.35, 66.6, 560.4, 1141.0]
[3187.65, -3187.65, 8.65, 3.35, 2288.65, 5143.35, 66.6, 560.4, 1141.0]
[3187.65, -3187.65, 8.65, 3.35, 2288.65, 5143.35, 66.6, 560.4, 1141.0]
[3187.65, -3187.65, 8.65, 3.35, 2288.65, 5143.35, 66.6, 560.4, 1141.0]
[3187.65, -3187.65, 8.65, 3.35, 2288.65, 5143.35, 66.6, 560.4, 1141.0]
[3187.65, -3187.65, 8.65, 3.35, 2288.65, 5143.35, 66.6, 560.4, 1141.0]
[3200.9, -3200.9, 93.39999999999999, 46.599999999999994, 2083.55, 4414.45, 299.45, 606.55, 1523.05]
[3200.9, -3200.9, 93.39999999999999, 46.599999999999994, 2083.55, 4414.45, 299.45, 606.55, 1523.05]
[3200.9, -3200.9, 93.39999999999999, 46.599999999999994, 2083.55, 4414.45, 299.45, 606.55, 1523.05]
[3200.9, -3200.9, 93.39999999999999, 46.599999999999994, 2083.55, 4414.45, 299.45, 606.55, 1523.05]
[3200.9, -3200.9, 93.39999999999999, 46.599999999999994, 2083.55, 4414.45, 299.45, 606.55, 1523.05]
[3200.9, -3200.9, 93.39999999999999, 46.599999999999994, 2083.55, 4414.45, 299.45, 606.55, 1523.05]
[3200.9, -3200.9, 93.39999999999999, 46.599999999999994, 2083.55, 4414.45, 299.45, 606.55, 1523.05]
[3200.9, -3200.9, 93.39999999999999, 46.599999999999994, 2083.55, 4414.45, 299.45, 606.55, 1523.05]
[3354.2000000000003, -3354.2000000000003, 190.8, 85.2, 2827.8, 5952.2, 71.05, 834.95, 575.3]
[3354.2000000000003, -3354.2000000000003, 190.8, 85.2, 2827.8, 5952.2, 71.05, 834.95, 575.3]
[3354.2000000000003, -3354.2000000000003, 190.8, 85.2, 2827.8, 5952.2, 71.05, 834.95, 575.3]
[3354.2000000000003, -3354.2000000000003, 190.8, 85.2, 2827.8, 5952.2, 71.05, 834.95, 575.3]
[3354.2000000000003, -3354.2000000000003, 190.8, 85.2, 2827.8, 5952.2, 71.05, 834.95, 575.3]
[3354.2000000000003, -3354.2000000000003, 190.8, 85.2, 2827.8, 5952.2, 71.05, 834.95, 575.3]
[3354.2000000000003, -3354.2000000000003, 190.8, 85.2, 2827.8, 5952.2, 71.05, 834.95, 575.3]
[3354.2000000000003, -3354.2000000000003, 190.8, 85.2, 2827.8, 5952.2, 71.05, 834.95, 575.3]
[3432.3000000000006, -3432.3000000000006, 15.299999999999999, 35.699999999999996, 1846.8, 3769.2000000000003, 173.5, 1473.5, 1295.9499999999998]
[3432.3000000000006, -3432.3000000000006, 15.299999999999999, 35.699999999999996, 1846.8, 3769.2000000000003, 173.5, 1473.5, 1295.9499999999998]
[3432.3000000000006, -3432.3000000000006, 15.299999999999999, 35.699999999999996, 1846.8, 3769.2000000000003, 173.5, 1473.5, 1295.9499999999998]
[3432.3000000000006, -3432.3000000000006, 15.299999999999999, 35.699999999999996, 1846.8, 3769.2000000000003, 173.5, 1473.5, 1295.9499999999998]
[3432.3000000000006, -3432.3000000000006, 15.299999999999999, 35.699999999999996, 1846.8, 3769.2000000000003, 173.5, 1473.5, 1295.9499999999998]
[3432.3000000000006, -3432.3000000000006, 15.299999999999999, 35.699999999999996, 1846.8, 3769.2000000000003, 173.5, 1473.5, 1295.9499999999998]
[3432.3000000000006, -3432.3000000000006, 15.299999999999999, 35.699999999999996, 1846.8, 3769.2000000000003, 173.5, 1473.5, 1295.9499999999998]
[3432.3000000000006, -3432.3000000000006, 15.299999999999999, 35.699999999999996, 1846.8, 3769.2000000000003, 173.5, 1473.5, 1295.9499999999998]
[3050.75, -3050.75, 235.6, 39.400000000000006, 1317.25, 2704.75, 311.9, 1131.1, 1181.65]
[3050.75, -3050.75, 235.6, 39.400000000000006, 1317.25, 2704.75, 311.9, 1131.1, 1181.65]
[3050.75, -3050.75, 235.6, 39.400000000000006, 1317.25, 2704.75, 311.9, 1131.1, 1181.65]
[3050.75, -3050.75, 235.6, 39.400000000000006, 1317.25, 2704.75, 311.9, 1131.1, 1181.65]
[3050.75, -3050.75, 235.6, 39.400000000000006, 1317.25, 2704.75, 311.9, 1131.1, 1181.65]
[3050.75, -3050.75, 235.6, 39.400000000000006, 1317.25, 2704.75, 311.9, 1131.1, 1181.65]
[3050.75, -3050.75, 235.6, 39.400000000000006, 1317.25, 2704.75, 311.9, 1131.1, 1181.65]
[3050.75, -3050.75, 235.6, 39.400000000000006, 1317.25, 2704.75, 311.9, 1131.1, 1181.65]
