[0.0, 0.0, 0, 0, 0, 0, 0, 0, 0]
[0.0, 0.0, 0, 0, 0, 0, 0, 0, 0]
[0.0, 0.0, 0, 0, 0, 0, 0, 0, 0]
[0.0, 0.0, 0, 0, 0, 0, 0, 0, 0]
[0.0, 0.0, 0, 0, 0, 0, 0, 0, 0]
[0.0, 0.0, 0, 0, 0, 0, 0, 0, 0]
[0.0, 0.0, 0, 0, 0, 0, 0, 0, 0]
[0.0, 0.0, 0, 0, 0, 0, 0, 0, 0]
[0.0, 0.0, 0, 0, 0, 0, 0, 0, 0]
[0.0, 0.0, 0, 0, 0, 0, 0, 0, 0]
[0.0, 0.0, 0, 0, 0, 0, 0, 0, 0]
[0.0, 0.0, 0, 0, 0, 0, 0, 0, 0]
[0.0, 0.0, 0, 0, 0, 0, 0, 0, 0]
[0.0, 0.0, 0, 0, 0, 0, 0, 0, 0]
[0.0, 0.0, 0, 0, 0, 0, 0, 0, 0]
[0.0, 0.0, 0, 0, 0, 0, 0, 0, 0]
[0.0, 0.0, 0, 0, 0, 0, 0, 0, 1020.0]
[0.0, 0.0, 0, 0, 0, 0, 0, 0, 1020.0]
[0.0, 0.0, 0, 0, 0, 0, 0, 0, 1020.0]
[0.0, 0.0, 0, 0, 0, 0, 0, 0, 1020.0]
[0.0, 0.0, 0, 0, 0, 0, 0, 0, 1020.0]
[0.0, 0.0, 0, 0, 0, 0, 0, 0, 1020.0]
[0.0, 0.0, 0, 0, 0, 0, 0, 0, 1020.0]
[0.0, 0.0, 0, 0, 0, 0, 0, 0, 1020.0]
[0.0, 0.0, 0, 0, 0, 0, 0, 0, 4.0]
[0.0, 0.0, 0, 0, 0, 0, 0, 0, 4.0]
[0.0, 0.0, 0, 0, 0, 0, 0, 0, 4.0]
[0.0, 0.0, 0, 0, 0, 0, 0, 0, 4.0]
[0.0, 0.0, 0, 0, 0, 0, 0, 0, 4.0]
[0.0, 0.0, 0, 0, 0, 0, 0, 0, 4.0]
[0.0, 0.0, 0, 0, 0, 0, 0, 0, 4.0]
[0.0, 0.0, 0, 0, 0, 0, 0, 0, 4.0]
[0.0, 0.0, 0, 0, 0, 0, 0, 0, 4.0]
[0.0, 0.0, 0, 0, 0, 0, 0, 0, 4.0]
[0.0, 0.0, 0, 0, 0, 0, 0, 0, 4.0]
[0.0, 0.0, 0, 0, 0, 0, 0, 0, 4.0]
[0.0, 0.0, 0, 0, 0, 0, 0, 0, 4.0]
[0.0, 0.0, 0, 0, 0, 0, 0, 0, 4.0]
[0.0, 0.0, 0, 0, 0, 0, 0, 0, 4.0]
[0.0, 0.0, 0, 0, 0, 0, 0, 0, 4.0]
[0.0, 0.0, 0, 0, 0, 0, 0, 0, 4.0]
[0.0, 0.0, 0, 0, 0, 0, 0, 0, 4.0]
[0.0, 0.0, 0, 0, 0, 0, 0, 0, 4.0]
[0.0, 0.0, 0, 0, 0, 0, 0, 0, 4.0]
[0.0, 0.0, 0, 0, 0, 0, 0, 0, 4.0]
[0.0, 0.0, 0, 0, 0, 0, 0, 0, 4.0]
[0.0, 0.0, 0, 0, 0, 0, 0, 0, 4.0]
[0.0, 0.0, 0, 0, 0, 0, 0, 0, 4.0]
[0.0, 0.0, 0, 0, 0, 0, 0, 0, 0]
[0.0, 0.0, 0, 0, 0, 0, 0, 0, 0]
[0.0, 0.0, 0, 0, 0, 0, 0, 0, 0]
[0.0, 0.0, 0, 0, 0, 0, 0, 0, 0]
[0.0, 0.0, 0, 0, 0, 0, 0, 0, 0]
[0.0, 0.0, 0, 0, 0, 0, 0, 0, 0]
[0.0, 0.0, 0, 0, 0, 0, 0, 0, 0]
[0.0, 0.0, 0, 0, 0, 0, 0, 0, 0]
[0.0, 0.0, 0, 0, 0, 0, 0, 0, 1020.0]
[0.0, 0.0, 0, 0, 0, 0, 0, 0, 1020.0]
[0.0, 0.0, 0, 0, 0, 0, 0, 0, 1020.0]
[0.0, 0.0, 0, 0, 0, 0, 0, 0, 1020.0]
[0.0, 0.0, 0, 0, 0, 0, 0, 0, 1020.0]
[0.0, 0.0, 0, 0, 0, 0, 0, 0, 1020.0]
[0.0, 0.0, 0, 0, 0, 0, 0, 0, 1020.0]
[0.0, 0.0, 0, 0, 0, 0, 0, 0, 1020.0]
[0.0, 0.0, 0, 0, 0, 0, 0, 0, 4.0]
[0.0, 0.0, 0, 0, 0, 0, 0, 0, 4.0]
[0.0, 0.0, 0, 0, 0, 0, 0, 0, 4.0]
[0.0, 0.0, 0, 0, 0, 0, 0, 0, 4.0]
[0.0, 0.0, 0, 0, 0, 0, 0, 0, 4.0]
[0.0, 0.0, 0, 0, 0, 0, 0, 0, 4.0]
[0.0, 0.0, 0, 0, 0, 0, 0, 0, 4.0]
[0.0, 0.0, 0, 0, 0, 0, 0, 0, 4.0]
[0.0, 0.0, 0, 0, 0, 0, 0, 0, 0]
[0.0, 0.0, 0, 0, 0, 0, 0, 0, 0]
[0.0, 0.0, 0, 0, 0, 0, 0, 0, 0]
[0.0, 0.0, 0, 0, 0, 0, 0, 0, 0]
[0.0, 0.0, 0, 0, 0, 0, 0, 0, 0]
[0.0, 0.0, 0, 0, 0, 0, 0, 0, 0]
[0.0, 0.0, 0, 0, 0, 0, 0, 0, 0]
[0.0, 0.0, 0, 0, 0, 0, 0, 0, 0]
[0.0, 0.0, 0, 0, 0, 0, 0, 0, 0]
[0.0, 0.0, 0, 0, 0, 0, 0, 0, 0]
[0.0, 0.0, 0, 0, 0, 0, 0, 0, 0]
[0.0, 0.0, 0, 0, 0, 0, 0, 0, 0]
[0.0, 0.0, 0, 0, 0, 0, 0, 0, 0]
[0.0, 0.0, 0, 0, 0, 0, 0, 0, 0]
[0.0, 0.0, 0, 0, 0, 0, 0, 0, 0]
[0.0, 0.0, 0, 0, 0, 0, 0, 0, 0]
[0.0, 0.0, 0, 0, 0, 0, 0, 0, 0]
[0.0, 0.0, 0, 0, 0, 0, 0, 0, 0]
[0.0, 0.0, 0, 0, 0, 0, 0, 0, 0]
[0.0, 0.0, 0, 0, 0, 0, 0, 0, 0]
[0.0, 0.0, 0, 0, 0, 0, 0, 0, 0]
[0.0, 0.0, 0, 0, 0, 0, 0, 0, 0]
[0.0, 0.0, 0, 0, 0, 0, 0, 0, 0]
[0.0, 0.0, 0, 0, 0, 0, 0, 0, 0]
[0.0, 0.0, 0, 0, 0, 0, 0, 0, 0]
[0.0, 0.0, 0, 0, 0, 0, 0, 0, 0]
[0.0, 0.0, 0, 0, 0, 0, 0, 0, 0]
[0.0, 0.0, 0, 0, 0, 0, 0, 0, 0]
[0.0, 0.0, 0, 0, 0, 0, 0, 0, 0]
[0.0, 0.0, 0, 0, 0, 0, 0, 0, 0]
[0.0, 0.0, 0, 0, 0, 0, 0, 0, 0]
[0.0, 0.0, 0, 0, 0, 0, 0, 0, 0]
[0.0, 0.0, 0, 0, 0, 0, 0, 0, 1020.0]
[0.0, 0.0, 0, 0, 0, 0, 0, 0, 1020.0]
[0.0, 0.0, 0, 0, 0, 0, 0, 0, 1020.0]
[0.0, 0.0, 0, 0, 0, 0, 0, 0, 1020.0]
[0.0, 0.0, 0, 0, 0, 0, 0, 0, 1020.0]
[0.0, 0.0, 0, 0, 0, 0, 0, 0, 1020.0]
[0.0, 0.0, 0, 0, 0, 0, 0, 0, 1020.0]
[0.0, 0.0, 0, 0, 0, 0, 0, 0, 1020.0]
[0.0, 0.0, 0, 0, 0, 0, 0, 0, 1020.0]
[0.0, 0.0, 0, 0, 0, 0, 0, 0, 1020.0]
[0.0, 0.0, 0, 0, 0, 0, 0, 0, 1020.0]
[0.0, 0.0, 0, 0, 0, 0, 0, 0, 1020.0]
[0.0, 0.0, 0, 0, 0, 0, 0, 0, 1020.0]
[0.0, 0.0, 0, 0, 0, 0, 0, 0, 1020.0]
[0.0, 0.0, 0, 0, 0, 0, 0, 0, 1020.0]
[0.0, 0.0, 0, 0, 0, 0, 0, 0, 1020.0]
[0.0, 0.0, 0, 0, 0, 0, 0, 0, 4.0]
[0.0, 0.0, 0, 0, 0, 0, 0, 0, 4.0]
[0.0, 0.0, 0, 0, 0, 0, 0, 0, 4.0]
[0.0, 0.0, 0, 0, 0, 0, 0, 0, 4.0]
[0.0, 0.0, 0, 0, 0, 0, 0, 0, 4.0]
[0.0, 0.0, 0, 0, 0, 0, 0, 0, 4.0]
[0.0, 0.0, 0, 0, 0, 0, 0, 0, 4.0]
[0.0, 0.0, 0, 0, 0, 0, 0, 0, 4.0]
[0.0, 0.0, 0, 0, 0, 0, 0, 0, 0]
[0.0, 0.0, 0, 0, 0, 0, 0, 0, 0]
[0.0, 0.0, 0, 0, 0, 0, 0, 0, 0]
[0.0, 0.0, 0, 0, 0, 0, 0, 0, 0]
[0.0, 0.0, 0, 0, 0, 0, 0, 0, 0]
[0.0, 0.0, 0, 0, 0, 0, 0, 0, 0]
[0.0, 0.0, 0, 0, 0, 0, 0, 0, 0]
[0.0, 0.0, 0, 0, 0, 0, 0, 0, 0]
[0.0, 0.0, 0, 0, 0, 0, 0, 0, 0]
[0.0, 0.0, 0, 0, 0, 0, 0, 0, 0]
[0.0, 0.0, 0, 0, 0, 0, 0, 0, 0]
[0.0, 0.0, 0, 0, 0, 0, 0, 0, 0]
[0.0, 0.0, 0, 0, 0, 0, 0, 0, 0]
[0.0, 0.0, 0, 0, 0, 0, 0, 0, 0]
[0.0, 0.0, 0, 0, 0, 0, 0, 0, 0]
[0.0, 0.0, 0, 0, 0, 0, 0, 0, 0]
[510.0, -510.0, 0, 0, 0, 0, 0, 0, 255.0]
[510.0, -510.0, 0, 0, 0, 0, 0, 0, 255.0]
[510.0, -510.0, 0, 0, 0, 0, 0, 0, 255.0]
[510.0, -510.0, 0, 0, 0, 0, 0, 0, 255.0]
[510.0, -510.0, 0, 0, 0, 0, 0, 0, 255.0]
[510.0, -510.0, 0, 0, 0, 0, 0, 0, 255.0]
[510.0, -510.0, 0, 0, 0, 0, 0, 0, 255.0]
[510.0, -510.0, 0, 0, 0, 0, 0, 0, 255.0]
[510.0, -510.0, 0, 0, 0, 0, 0, 0, 128.0]
[510.0, -510.0, 0, 0, 0, 0, 0, 0, 128.0]
[510.0, -510.0, 0, 0, 0, 0, 0, 0, 128.0]
[510.0, -510.0, 0, 0, 0, 0, 0, 0, 128.0]
[510.0, -510.0, 0, 0, 0, 0, 0, 0, 128.0]
[510.0, -510.0, 0, 0, 0, 0, 0, 0, 128.0]
[510.0, -510.0, 0, 0, 0, 0, 0, 0, 128.0]
[510.0, -510.0, 0, 0, 0, 0, 0, 0, 128.0]
[255.0, -255.0, 0, 0, 0, 0, 0, 0, 128.0]
[255.0, -255.0, 0, 0, 0, 0, 0, 0, 128.0]
[255.0, -255.0, 0, 0, 0, 0, 0, 0, 128.0]
[255.0, -255.0, 0, 0, 0, 0, 0, 0, 128.0]
[255.0, -255.0, 0, 0, 0, 0, 0, 0, 128.0]
[255.0, -255.0, 0, 0, 0, 0, 0, 0, 128.0]
[255.0, -255.0, 0, 0, 0, 0, 0, 0, 128.0]
[255.0, -255.0, 0, 0, 0, 0, 0, 0, 128.0]
[511.0, -511.0, 0, 0, 0, 0, 0, 0, 1.0]
[511.0, -511.0, 0, 0, 0, 0, 0, 0, 1.0]
[511.0, -511.0, 0, 0, 0, 0, 0, 0, 1.0]
[511.0, -511.0, 0, 0, 0, 0, 0, 0, 1.0]
[511.0, -511.0, 0, 0, 0, 0, 0, 0, 1.0]
[511.0, -511.0, 0, 0, 0, 0, 0, 0, 1.0]
[511.0, -511.0, 0, 0, 0, 0, 0, 0, 1.0]
[511.0, -511.0, 0, 0, 0, 0, 0, 0, 1.0]
[255.0, -255.0, 0, 0, 0, 0, 0, 0, 128.0]
[255.0, -255.0, 0, 0, 0, 0, 0, 0, 128.0]
[255.0, -255.0, 0, 0, 0, 0, 0, 0, 128.0]
[255.0, -255.0, 0, 0, 0, 0, 0, 0, 128.0]
[255.0, -255.0, 0, 0, 0, 0, 0, 0, 128.0]
[255.0, -255.0, 0, 0, 0, 0, 0, 0, 128.0]
[255.0, -255.0, 0, 0, 0, 0, 0, 0, 128.0]
[255.0, -255.0, 0, 0, 0, 0, 0, 0, 128.0]
[511.0, -511.0, 0, 0, 0, 0, 0, 0, 128.0]
[511.0, -511.0, 0, 0, 0, 0, 0, 0, 128.0]
[511.0, -511.0, 0, 0, 0, 0, 0, 0, 128.0]
[511.0, -511.0, 0, 0, 0, 0, 0, 0, 128.0]
[511.0, -511.0, 0, 0, 0, 0, 0, 0, 128.0]
[511.0, -511.0, 0, 0, 0, 0, 0, 0, 128.0]
[511.0, -511.0, 0, 0, 0, 0, 0, 0, 128.0]
[511.0, -511.0, 0, 0, 0, 0, 0, 0, 128.0]
[1.0, -1.0, 0, 0, 0, 0, 0, 0, 140.75]
[1.0, -1.0, 0, 0, 0, 0, 0, 0, 140.75]
[1.0, -1.0, 0, 0, 0, 0, 0, 0, 140.75]
[1.0, -1.0, 0, 0, 0, 0, 0, 0, 140.75]
[1.0, -1.0, 0, 0, 0, 0, 0, 0, 140.75]
[1.0, -1.0, 0, 0, 0, 0, 0, 0, 140.75]
[1.0, -1.0, 0, 0, 0, 0, 0, 0, 140.75]
[1.0, -1.0, 0, 0, 0, 0, 0, 0, 140.75]
[1.0, -1.0, 0, 0, 0, 0, 0, 0, 140.75]
[1.0, -1.0, 0, 0, 0, 0, 0, 0, 140.75]
[1.0, -1.0, 0, 0, 0, 0, 0, 0, 140.75]
[1.0, -1.0, 0, 0, 0, 0, 0, 0, 140.75]
[1.0, -1.0, 0, 0, 0, 0, 0, 0, 140.75]
[1.0, -1.0, 0, 0, 0, 0, 0, 0, 140.75]
[1.0, -1.0, 0, 0, 0, 0, 0, 0, 140.75]
[1.0, -1.0, 0, 0, 0, 0, 0, 0, 140.75]
[1.0, -1.0, 0, 0, 0, 0, 0, 0, 256.0]
[1.0, -1.0, 0, 0, 0, 0, 0, 0, 256.0]
[1.0, -1.0, 0, 0, 0, 0, 0, 0, 256.0]
[1.0, -1.0, 0, 0, 0, 0, 0, 0, 256.0]
[1.0, -1.0, 0, 0, 0, 0, 0, 0, 256.0]
[1.0, -1.0, 0, 0, 0, 0, 0, 0, 256.0]
[1.0, -1.0, 0, 0, 0, 0, 0, 0, 256.0]
[1.0, -1.0, 0, 0, 0, 0, 0, 0, 256.0]
[592.0, -592.0, 0, 0, 0, 0, 0, 0, 395.25]
[592.0, -592.0, 0, 0, 0, 0, 0, 0, 395.25]
[592.0, -592.0, 0, 0, 0, 0, 0, 0, 395.25]
[592.0, -592.0, 0, 0, 0, 0, 0, 0, 395.25]
[592.0, -592.0, 0, 0, 0, 0, 0, 0, 395.25]
[592.0, -592.0, 0, 0, 0, 0, 0, 0, 395.25]
[592.0, -592.0, 0, 0, 0, 0, 0, 0, 395.25]
[592.0, -592.0, 0, 0, 0, 0, 0, 0, 395.25]
[808.0, -808.0, 0, 0, 0, 0, 0, 0, 128.0]
[808.0, -808.0, 0, 0, 0, 0, 0, 0, 128.0]
[808.0, -808.0, 0, 0, 0, 0, 0, 0, 128.0]
[808.0, -808.0, 0, 0, 0, 0, 0, 0, 128.0]
[808.0, -808.0, 0, 0, 0, 0, 0, 0, 128.0]
[808.0, -808.0, 0, 0, 0, 0, 0, 0, 128.0]
[808.0, -808.0, 0, 0, 0, 0, 0, 0, 128.0]
[808.0, -808.0, 0, 0, 0, 0, 0, 0, 128.0]
[338.0, -338.0, 0, 0, 0, 0, 0, 0, 268.25]
[338.0, -338.0, 0, 0, 0, 0, 0, 0, 268.25]
[338.0, -338.0, 0, 0, 0, 0, 0, 0, 268.25]
[338.0, -338.0, 0, 0, 0, 0, 0, 0, 268.25]
[338.0, -338.0, 0, 0, 0, 0, 0, 0, 268.25]
[338.0, -338.0, 0, 0, 0, 0, 0, 0, 268.25]
[338.0, -338.0, 0, 0, 0, 0, 0, 0, 268.25]
[338.0, -338.0, 0, 0, 0, 0, 0, 0, 268.25]
[297.0, -297.0, 0, 0, 0, 0, 0, 0, 383.5]
[297.0, -297.0, 0, 0, 0, 0, 0, 0, 383.5]
[297.0, -297.0, 0, 0, 0, 0, 0, 0, 383.5]
[297.0, -297.0, 0, 0, 0, 0, 0, 0, 383.5]
[297.0, -297.0, 0, 0, 0, 0, 0, 0, 383.5]
[297.0, -297.0, 0, 0, 0, 0, 0, 0, 383.5]
[297.0, -297.0, 0, 0, 0, 0, 0, 0, 383.5]
[297.0, -297.0, 0, 0, 0, 0, 0, 0, 383.5]
[536.0, -536.0, 0, 0, 0, 0, 0, 0, 1.0]
[536.0, -536.0, 0, 0, 0, 0, 0, 0, 1.0]
[536.0, -536.0, 0, 0, 0, 0, 0, 0, 1.0]
[536.0, -536.0, 0, 0, 0, 0, 0, 0, 1.0]
[536.0, -536.0, 0, 0, 0, 0, 0, 0, 1.0]
[536.0, -536.0, 0, 0, 0, 0, 0, 0, 1.0]
[536.0, -536.0, 0, 0, 0, 0, 0, 0, 1.0]
[536.0, -536.0, 0, 0, 0, 0, 0, 0, 1.0]
[0.0, 0.0, 0, 0, 0, 0, 0, 0, 0]
[0.0, 0.0, 0, 0, 0, 0, 0, 0, 0]
[0.0, 0.0, 0, 0, 0, 0, 0, 0, 0]
[0.0, 0.0, 0, 0, 0, 0, 0, 0, 0]
[0.0, 0.0, 0, 0, 0, 0, 0, 0, 0]
[0.0, 0.0, 0, 0, 0, 0, 0, 0, 0]
[0.0, 0.0, 0, 0, 0, 0, 0, 0, 0]
[0.0, 0.0, 0, 0, 0, 0, 0, 0, 0]
[0.0, 0.0, 0, 0, 0, 0, 0, 0, 0]
[0.0, 0.0, 0, 0, 0, 0, 0, 0, 0]
[0.0, 0.0, 0, 0, 0, 0, 0, 0, 0]
[0.0, 0.0, 0, 0, 0, 0, 0, 0, 0]
[0.0, 0.0, 0, 0, 0, 0, 0, 0, 0]
[0.0, 0.0, 0, 0, 0, 0, 0, 0, 0]
[0.0, 0.0, 0, 0, 0, 0, 0, 0, 0]
[0.0, 0.0, 0, 0, 0, 0, 0, 0, 0]
[255.0, -255.0, 0, 0, 0, 0, 0, 0, 127.5]
[255.0, -255.0, 0, 0, 0, 0, 0, 0, 127.5]
[255.0, -255.0, 0, 0, 0, 0, 0, 0, 127.5]
[255.0, -255.0, 0, 0, 0, 0, 0, 0, 127.5]
[255.0, -255.0, 0, 0, 0, 0, 0, 0, 127.5]
[255.0, -255.0, 0, 0, 0, 0, 0, 0, 127.5]
[255.0, -255.0, 0, 0, 0, 0, 0, 0, 127.5]
[255.0, -255.0, 0, 0, 0, 0, 0, 0, 127.5]
[255.0, -255.0, 0, 0, 0, 0, 0, 0, 0.5]
[255.0, -255.0, 0, 0, 0, 0, 0, 0, 0.5]
[255.0, -255.0, 0, 0, 0, 0, 0, 0, 0.5]
[255.0, -255.0, 0, 0, 0, 0, 0, 0, 0.5]
[255.0, -255.0, 0, 0, 0, 0, 0, 0, 0.5]
[255.0, -255.0, 0, 0, 0, 0, 0, 0, 0.5]
[255.0, -255.0, 0, 0, 0, 0, 0, 0, 0.5]
[255.0, -255.0, 0, 0, 0, 0, 0, 0, 0.5]
[510.0, -510.0, 0, 0, 0, 0, 0, 0, 140.75]
[510.0, -510.0, 0, 0, 0, 0, 0, 0, 140.75]
[510.0, -510.0, 0, 0, 0, 0, 0, 0, 140.75]
[510.0, -510.0, 0, 0, 0, 0, 0, 0, 140.75]
[510.0, -510.0, 0, 0, 0, 0, 0, 0, 140.75]
[510.0, -510.0, 0, 0, 0, 0, 0, 0, 140.75]
[510.0, -510.0, 0, 0, 0, 0, 0, 0, 140.75]
[510.0, -510.0, 0, 0, 0, 0, 0, 0, 140.75]
[0.0, 0.0, 0, 0, 0, 0, 0, 0, 1.5]
[0.0, 0.0, 0, 0, 0, 0, 0, 0, 1.5]
[0.0, 0.0, 0, 0, 0, 0, 0, 0, 1.5]
[0.0, 0.0, 0, 0, 0, 0, 0, 0, 1.5]
[0.0, 0.0, 0, 0, 0, 0, 0, 0, 1.5]
[0.0, 0.0, 0, 0, 0, 0, 0, 0, 1.5]
[0.0, 0.0, 0, 0, 0, 0, 0, 0, 1.5]
[0.0, 0.0, 0, 0, 0, 0, 0, 0, 1.5]
[255.0, -255.0, 0, 0, 0, 0, 0, 0, 1.0]
[255.0, -255.0, 0, 0, 0, 0, 0, 0, 1.0]
[255.0, -255.0, 0, 0, 0, 0, 0, 0, 1.0]
[255.0, -255.0, 0, 0, 0, 0, 0, 0, 1.0]
[255.0, -255.0, 0, 0, 0, 0, 0, 0, 1.0]
[255.0, -255.0, 0, 0, 0, 0, 0, 0, 1.0]
[255.0, -255.0, 0, 0, 0, 0, 0, 0, 1.0]
[255.0, -255.0, 0, 0, 0, 0, 0, 0, 1.0]
[255.0, -255.0, 0, 0, 40.6, 365.40000000000003, 0, 0, 268.25]
[255.0, -255.0, 0, 0, 40.6, 365.40000000000003, 0, 0, 268.25]
[255.0, -255.0, 0, 0, 40.6, 365.40000000000003, 0, 0, 268.25]
[255.0, -255.0, 0, 0, 40.6, 365.40000000000003, 0, 0, 268.25]
[255.0, -255.0, 0, 0, 40.6, 365.40000000000003, 0, 0, 268.25]
[255.0, -255.0, 0, 0, 40.6, 365.40000000000003, 0, 0, 268.25]
[255.0, -255.0, 0, 0, 40.6, 365.40000000000003, 0, 0, 268.25]
[255.0, -255.0, 0, 0, 40.6, 365.40000000000003, 0, 0, 268.25]
[333.0, -333.0, 0, 0, 269.25, 448.75, 178.20000000000002, 415.8, 347.29999999999995]
[333.0, -333.0, 0, 0, 269.25, 448.75, 178.20000000000002, 415.8, 347.29999999999995]
[333.0, -333.0, 0, 0, 269.25, 448.75, 178.20000000000002, 415.8, 347.29999999999995]
[333.0, -333.0, 0, 0, 269.25, 448.75, 178.20000000000002, 415.8, 347.29999999999995]
[333.0, -333.0, 0, 0, 269.25, 448.75, 178.20000000000002, 415.8, 347.29999999999995]
[333.0, -333.0, 0, 0, 269.25, 448.75, 178.20000000000002, 415.8, 347.29999999999995]
[333.0, -333.0, 0, 0, 269.25, 448.75, 178.20000000000002, 415.8, 347.29999999999995]
[333.0, -333.0, 0, 0, 269.25, 448.75, 178.20000000000002, 415.8, 347.29999999999995]
[263.0, -263.0, 0, 0, 0, 0, 477.84999999999997, 1031.1499999999999, 627.05]
[263.0, -263.0, 0, 0, 0, 0, 477.84999999999997, 1031.1499999999999, 627.05]
[263.0, -263.0, 0, 0, 0, 0, 477.84999999999997, 1031.1499999999999, 627.05]
[263.0, -263.0, 0, 0, 0, 0, 477.84999999999997, 1031.1499999999999, 627.05]
[263.0, -263.0, 0, 0, 0, 0, 477.84999999999997, 1031.1499999999999, 627.05]
[263.0, -263.0, 0, 0, 0, 0, 477.84999999999997, 1031.1499999999999, 627.05]
[263.0, -263.0, 0, 0, 0, 0, 477.84999999999997, 1031.1499999999999, 627.05]
[263.0, -263.0, 0, 0, 0, 0, 477.84999999999997, 1031.1499999999999, 627.05]
[229.9, -229.9, 0, 0, 362.6, 697.4000000000001, 304.70000000000005, 1282.3000000000002, 484.75]
[229.9, -229.9, 0, 0, 362.6, 697.4000000000001, 304.70000000000005, 1282.3000000000002, 484.75]
[229.9, -229.9, 0, 0, 362.6, 697.4000000000001, 304.70000000000005, 1282.3000000000002, 484.75]
[229.9, -229.9, 0, 0, 362.6, 697.4000000000001, 304.70000000000005, 1282.3000000000002, 484.75]
[229.9, -229.9, 0, 0, 362.6, 697.4000000000001, 304.70000000000005, 1282.3000000000002, 484.75]
[229.9, -229.9, 0, 0, 362.6, 697.4000000000001, 304.70000000000005, 1282.3000000000002, 484.75]
[229.9, -229.9, 0, 0, 362.6, 697.4000000000001, 304.70000000000005, 1282.3000000000002, 484.75]
[229.9, -229.9, 0, 0, 362.6, 697.4000000000001, 304.70000000000005, 1282.3000000000002, 484.75]
[339.20000000000005, -339.20000000000005, 29.7, 3.3000000000000003, 289.84999999999997, 392.15, 561.5, 1778.5, 306.5]
[339.20000000000005, -339.20000000000005, 29.7, 3.3000000000000003, 289.84999999999997, 392.15, 561.5, 1778.5, 306.5]
[339.20000000000005, -339.20000000000005, 29.7, 3.3000000000000003, 289.84999999999997, 392.15, 561.5, 1778.5, 306.5]
[339.20000000000005, -339.20000000000005, 29.7, 3.3000000000000003, 289.84999999999997, 392.15, 561.5, 1778.5, 306.5]
[339.20000000000005, -339.20000000000005, 29.7, 3.3000000000000003, 289.84999999999997, 392.15, 561.5, 1778.5, 306.5]
[339.20000000000005, -339.20000000000005, 29.7, 3.3000000000000003, 289.84999999999997, 392.15, 561.5, 1778.5, 306.5]
[339.20000000000005, -339.20000000000005, 29.7, 3.3000000000000003, 289.84999999999997, 392.15, 561.5, 1778.5, 306.5]
[339.20000000000005, -339.20000000000005, 29.7, 3.3000000000000003, 289.84999999999997, 392.15, 561.5, 1778.5, 306.5]
[944.6, -944.6, 22.400000000000002, 5.6000000000000005, 368.6, 707.4000000000001, 380.95000000000005, 1110.05, 361.45000000000005]
[944.6, -944.6, 22.400000000000002, 5.6000000000000005, 368.6, 707.4000000000001, 380.95000000000005, 1110.05, 361.45000000000005]
[944.6, -944.6, 22.400000000000002, 5.6000000000000005, 368.6, 707.4000000000001, 380.95000000000005, 1110.05, 361.45000000000005]
[944.6, -944.6, 22.400000000000002, 5.6000000000000005, 368.6, 707.4000000000001, 380.95000000000005, 1110.05, 361.45000000000005]
[944.6, -944.6, 22.400000000000002, 5.6000000000000005, 368.6, 707.4000000000001, 380.95000000000005, 1110.05, 361.45000000000005]
[944.6, -944.6, 22.400000000000002, 5.6000000000000005, 368.6, 707.4000000000001, 380.95000000000005, 1110.05, 361.45000000000005]
[944.6, -944.6, 22.400000000000002, 5.6000000000000005, 368.6, 707.4000000000001, 380.95000000000005, 1110.05, 361.45000000000005]
[944.6, -944.6, 22.400000000000002, 5.6000000000000005, 368.6, 707.4000000000001, 380.95000000000005, 1110.05, 361.45000000000005]
[676.95, -676.95, 0, 0, 493.75, 1286.25, 172.74999999999997, 697.2499999999999, 641.25]
[676.95, -676.95, 0, 0, 493.75, 1286.25, 172.74999999999997, 697.2499999999999, 641.25]
[676.95, -676.95, 0, 0, 493.75, 1286.25, 172.74999999999997, 697.2499999999999, 641.25]
[676.95, -676.95, 0, 0, 493.75, 1286.25, 172.74999999999997, 697.2499999999999, 641.25]
[676.95, -676.95, 0, 0, 493.75, 1286.25, 172.74999999999997, 697.2499999999999, 641.25]
[676.95, -676.95, 0, 0, 493.75, 1286.25, 172.74999999999997, 697.2499999999999, 641.25]
[676.95, -676.95, 0, 0, 493.75, 1286.25, 172.74999999999997, 697.2499999999999, 641.25]
[676.95, -676.95, 0, 0, 493.75, 1286.25, 172.74999999999997, 697.2499999999999, 641.25]
[1134.75, -1134.75, 0, 0, 269.25, 448.75, 189.0, 708.0, 1181.55]
[1134.75, -1134.75, 0, 0, 269.25, 448.75, 189.0, 708.0, 1181.55]
[1134.75, -1134.75, 0, 0, 269.25, 448.75, 189.0, 708.0, 1181.55]
[1134.75, -1134.75, 0, 0, 269.25, 448.75, 189.0, 708.0, 1181.55]
[1134.75, -1134.75, 0, 0, 269.25, 448.75, 189.0, 708.0, 1181.55]
[1134.75, -1134.75, 0, 0, 269.25, 448.75, 189.0, 708.0, 1181.55]
[1134.75, -1134.75, 0, 0, 269.25, 448.75, 189.0, 708.0, 1181.55]
[1134.75, -1134.75, 0, 0, 269.25, 448.75, 189.0, 708.0, 1181.55]
[713.8, -713.8, 153.05, 316.95000000000005, 418.6, 1089.4, 23.099999999999998, 174.9, 503.70000000000005]
[713.8, -713.8, 153.05, 316.95000000000005, 418.6, 1089.4, 23.099999999999998, 174.9, 503.70000000000005]
[713.8, -713.8, 153.05, 316.95000000000005, 418.6, 1089.4, 23.099999999999998, 174.9, 503.70000000000005]
[713.8, -713.8, 153.05, 316.95000000000005, 418.6, 1089.4, 23.099999999999998, 174.9, 503.70000000000005]
[713.8, -713.8, 153.05, 316.95000000000005, 418.6, 1089.4, 23.099999999999998, 174.9, 503.70000000000005]
[713.8, -713.8, 153.05, 316.95000000000005, 418.6, 1089.4, 23.099999999999998, 174.9, 503.70000000000005]
[713.8, -713.8, 153.05, 316.95000000000005, 418.6, 1089.4, 23.099999999999998, 174.9, 503.70000000000005]
[713.8, -713.8, 153.05, 316.95000000000005, 418.6, 1089.4, 23.099999999999998, 174.9, 503.70000000000005]
[0.0, 0.0, 0, 0, 0, 0, 0, 0, 0]
[0.0, 0.0, 0, 0, 0, 0, 0, 0, 0]
[0.0, 0.0, 0, 0, 0, 0, 0, 0, 0]
[0.0, 0.0, 0, 0, 0, 0, 0, 0, 0]
[0.0, 0.0, 0, 0, 0, 0, 0, 0, 0]
[0.0, 0.0, 0, 0, 0, 0, 0, 0, 0]
[0.0, 0.0, 0, 0, 0, 0, 0, 0, 0]
[0.0, 0.0, 0, 0, 0, 0, 0, 0, 0]
[0.0, 0.0, 0, 0, 0, 0, 0, 0, 0]
[0.0, 0.0, 0, 0, 0, 0, 0, 0, 0]
[0.0, 0.0, 0, 0, 0, 0, 0, 0, 0]
[0.0, 0.0, 0, 0, 0, 0, 0, 0, 0]
[0.0, 0.0, 0, 0, 0, 0, 0, 0, 0]
[0.0, 0.0, 0, 0, 0, 0, 0, 0, 0]
[0.0, 0.0, 0, 0, 0, 0, 0, 0, 0]
[0.0, 0.0, 0, 0, 0, 0, 0, 0, 0]
[257.0, -257.0, 0, 0, 0, 0, 0, 0, 255.0]
[257.0, -257.0, 0, 0, 0, 0, 0, 0, 255.0]
[257.0, -257.0, 0, 0, 0, 0, 0, 0, 255.0]
[257.0, -257.0, 0, 0, 0, 0, 0, 0, 255.0]
[257.0, -257.0, 0, 0, 0, 0, 0, 0, 255.0]
[257.0, -257.0, 0, 0, 0, 0, 0, 0, 255.0]
[257.0, -257.0, 0, 0, 0, 0, 0, 0, 255.0]
[257.0, -257.0, 0, 0, 0, 0, 0, 0, 255.0]
[256.0, -256.0, 0, 0, 0, 0, 0, 0, 140.75]
[256.0, -256.0, 0, 0, 0, 0, 0, 0, 140.75]
[256.0, -256.0, 0, 0, 0, 0, 0, 0, 140.75]
[256.0, -256.0, 0, 0, 0, 0, 0, 0, 140.75]
[256.0, -256.0, 0, 0, 0, 0, 0, 0, 140.75]
[256.0, -256.0, 0, 0, 0, 0, 0, 0, 140.75]
[256.0, -256.0, 0, 0, 0, 0, 0, 0, 140.75]
[256.0, -256.0, 0, 0, 0, 0, 0, 0, 140.75]
[512.0, -512.0, 0, 0, 0, 0, 0, 0, 0.5]
[512.0, -512.0, 0, 0, 0, 0, 0, 0, 0.5]
[512.0, -512.0, 0, 0, 0, 0, 0, 0, 0.5]
[512.0, -512.0, 0, 0, 0, 0, 0, 0, 0.5]
[512.0, -512.0, 0, 0, 0, 0, 0, 0, 0.5]
[512.0, -512.0, 0, 0, 0, 0, 0, 0, 0.5]
[512.0, -512.0, 0, 0, 0, 0, 0, 0, 0.5]
[512.0, -512.0, 0, 0, 0, 0, 0, 0, 0.5]
[0.0, 0.0, 0, 0, 0, 0, 0, 0, 268.75]
[0.0, 0.0, 0, 0, 0, 0, 0, 0, 268.75]
[0.0, 0.0, 0, 0, 0, 0, 0, 0, 268.75]
[0.0, 0.0, 0, 0, 0, 0, 0, 0, 268.75]
[0.0, 0.0, 0, 0, 0, 0, 0, 0, 268.75]
[0.0, 0.0, 0, 0, 0, 0, 0, 0, 268.75]
[0.0, 0.0, 0, 0, 0, 0, 0, 0, 268.75]
[0.0, 0.0, 0, 0, 0, 0, 0, 0, 268.75]
[256.0, -256.0, 0, 0, 46.0, 322.0, 0, 0, 140.75]
[256.0, -256.0, 0, 0, 46.0, 322.0, 0, 0, 140.75]
[256.0, -256.0, 0, 0, 46.0, 322.0, 0, 0, 140.75]
[256.0, -256.0, 0, 0, 46.0, 322.0, 0, 0, 140.75]
[256.0, -256.0, 0, 0, 46.0, 322.0, 0, 0, 140.75]
[256.0, -256.0, 0, 0, 46.0, 322.0, 0, 0, 140.75]
[256.0, -256.0, 0, 0, 46.0, 322.0, 0, 0, 140.75]
[256.0, -256.0, 0, 0, 46.0, 322.0, 0, 0, 140.75]
[297.75, -297.75, 0, 0, 46.0, 322.0, 0, 0, 458.04999999999995]
[297.75, -297.75, 0, 0, 46.0, 322.0, 0, 0, 458.04999999999995]
[297.75, -297.75, 0, 0, 46.0, 322.0, 0, 0, 458.04999999999995]
[297.75, -297.75, 0, 0, 46.0, 322.0, 0, 0, 458.04999999999995]
[297.75, -297.75, 0, 0, 46.0, 322.0, 0, 0, 458.04999999999995]
[297.75, -297.75, 0, 0, 46.0, 322.0, 0, 0, 458.04999999999995]
[297.75, -297.75, 0, 0, 46.0, 322.0, 0, 0, 458.04999999999995]
[297.75, -297.75, 0, 0, 46.0, 322.0, 0, 0, 458.04999999999995]
[256.0, -256.0, 0, 0, 498.19999999999993, 1323.8, 42.25, 152.75, 542.5]
[256.0, -256.0, 0, 0, 498.19999999999993, 1323.8, 42.25, 152.75, 542.5]
[256.0, -256.0, 0, 0, 498.19999999999993, 1323.8, 42.25, 152.75, 542.5]
[256.0, -256.0, 0, 0, 498.19999999999993, 1323.8, 42.25, 152.75, 542.5]
[256.0, -256.0, 0, 0, 498.19999999999993, 1323.8, 42.25, 152.75, 542.5]
[256.0, -256.0, 0, 0, 498.19999999999993, 1323.8, 42.25, 152.75, 542.5]
[256.0, -256.0, 0, 0, 498.19999999999993, 1323.8, 42.25, 152.75, 542.5]
[256.0, -256.0, 0, 0, 498.19999999999993, 1323.8, 42.25, 152.75, 542.5]
[511.44999999999993, -511.44999999999993, 8.8, 7.2, 262.5, 437.5, 503.9, 1590.1, 632.3499999999999]
[511.44999999999993, -511.44999999999993, 8.8, 7.2, 262.5, 437.5, 503.9, 1590.1, 632.3499999999999]
[511.44999999999993, -511.44999999999993, 8.8, 7.2, 262.5, 437.5, 503.9, 1590.1, 632.3499999999999]
[511.44999999999993, -511.44999999999993, 8.8, 7.2, 262.5, 437.5, 503.9, 1590.1, 632.3499999999999]
[511.44999999999993, -511.44999999999993, 8.8, 7.2, 262.5, 437.5, 503.9, 1590.1, 632.3499999999999]
[511.44999999999993, -511.44999999999993, 8.8, 7.2, 262.5, 437.5, 503.9, 1590.1, 632.3499999999999]
[511.44999999999993, -511.44999999999993, 8.8, 7.2, 262.5, 437.5, 503.9, 1590.1, 632.3499999999999]
[511.44999999999993, -511.44999999999993, 8.8, 7.2, 262.5, 437.5, 503.9, 1590.1, 632.3499999999999]
[195.0, -195.0, 30.4, 1.6, 783.3499999999999, 1186.65, 47.75, 525.25, 956.5]
[195.0, -195.0, 30.4, 1.6, 783.3499999999999, 1186.65, 47.75, 525.25, 956.5]
[195.0, -195.0, 30.4, 1.6, 783.3499999999999, 1186.65, 47.75, 525.25, 956.5]
[195.0, -195.0, 30.4, 1.6, 783.3499999999999, 1186.65, 47.75, 525.25, 956.5]
[195.0, -195.0, 30.4, 1.6, 783.3499999999999, 1186.65, 47.75, 525.25, 956.5]
[195.0, -195.0, 30.4, 1.6, 783.3499999999999, 1186.65, 47.75, 525.25, 956.5]
[195.0, -195.0, 30.4, 1.6, 783.3499999999999, 1186.65, 47.75, 525.25, 956.5]
[195.0, -195.0, 30.4, 1.6, 783.3499999999999, 1186.65, 47.75, 525.25, 956.5]
[767.3, -767.3, 29.7, 3.3000000000000003, 40.6, 365.40000000000003, 488.8, 1590.2, 1177.1499999999999]
[767.3, -767.3, 29.7, 3.3000000000000003, 40.6, 365.40000000000003, 488.8, 1590.2, 1177.1499999999999]
[767.3, -767.3, 29.7, 3.3000000000000003, 40.6, 365.40000000000003, 488.8, 1590.2, 1177.1499999999999]
[767.3, -767.3, 29.7, 3.3000000000000003, 40.6, 365.40000000000003, 488.8, 1590.2, 1177.1499999999999]
[767.3, -767.3, 29.7, 3.3000000000000003, 40.6, 365.40000000000003, 488.8, 1590.2, 1177.1499999999999]
[767.3, -767.3, 29.7, 3.3000000000000003, 40.6, 365.40000000000003, 488.8, 1590.2, 1177.1499999999999]
[767.3, -767.3, 29.7, 3.3000000000000003, 40.6, 365.40000000000003, 488.8, 1590.2, 1177.1499999999999]
[767.3, -767.3, 29.7, 3.3000000000000003, 40.6, 365.40000000000003, 488.8, 1590.2, 1177.1499999999999]
[1234.5, -1234.5, 52.8, 7.200000000000001, 1138.95, 2521.05, 282.1, 1118.9, 547.2]
[1234.5, -1234.5, 52.8, 7.200000000000001, 1138.95, 2521.05, 282.1, 1118.9, 547.2]
[1234.5, -1234.5, 52.8, 7.200000000000001, 1138.95, 2521.05, 282.1, 1118.9, 547.2]
[1234.5, -1234.5, 52.8, 7.200000000000001, 1138.95, 2521.05, 282.1, 1118.9, 547.2]
[1234.5, -1234.5, 52.8, 7.200000000000001, 1138.95, 2521.05, 282.1, 1118.9, 547.2]
[1234.5, -1234.5, 52.8, 7.200000000000001, 1138.95, 2521.05, 282.1, 1118.9, 547.2]
[1234.5, -1234.5, 52.8, 7.200000000000001, 1138.95, 2521.05, 282.1, 1118.9, 547.2]
[1234.5, -1234.5, 52.8, 7.200000000000001, 1138.95, 2521.05, 282.1, 1118.9, 547.2]
[1452.9500000000003, -1452.9500000000003, 50.099999999999994, 32.9, 132.4, 563.6, 410.65, 1179.35, 564.15]
[1452.9500000000003, -1452.9500000000003, 50.099999999999994, 32.9, 132.4, 563.6, 410.65, 1179.35, 564.15]
[1452.9500000000003, -1452.9500000000003, 50.099999999999994, 32.9, 132.4, 563.6, 410.65, 1179.35, 564.15]
[1452.9500000000003, -1452.9500000000003, 50.099999999999994, 32.9, 132.4, 563.6, 410.65, 1179.35, 564.15]
[1452.9500000000003, -1452.9500000000003, 50.099999999999994, 32.9, 132.4, 563.6, 410.65, 1179.35, 564.15]
[1452.9500000000003, -1452.9500000000003, 50.099999999999994, 32.9, 132.4, 563.6, 410.65, 1179.35, 564.15]
[1452.9500000000003, -1452.9500000000003, 50.099999999999994, 32.9, 132.4, 563.6, 410.65, 1179.35, 564.15]
[1452.9500000000003, -1452.9500000000003, 50.099999999999994, 32.9, 132.4, 563.6, 410.65, 1179.35, 564.15]
[830.65, -830.65, 0, 0, 929.1, 2118.8999999999996, 202.0, 1238.0, 1262.7]
[830.65, -830.65, 0, 0, 929.1, 2118.8999999999996, 202.0, 1238.0, 1262.7]
[830.65, -830.65, 0, 0, 929.1, 2118.8999999999996, 202.0, 1238.0, 1262.7]
[830.65, -830.65, 0, 0, 929.1, 2118.8999999999996, 202.0, 1238.0, 1262.7]
[830.65, -830.65, 0, 0, 929.1, 2118.8999999999996, 202.0, 1238.0, 1262.7]
[830.65, -830.65, 0, 0, 929.1, 2118.8999999999996, 202.0, 1238.0, 1262.7]
[830.65, -830.65, 0, 0, 929.1, 2118.8999999999996, 202.0, 1238.0, 1262.7]
[830.65, -830.65, 0, 0, 929.1, 2118.8999999999996, 202.0, 1238.0, 1262.7]
[307.45000000000005, -307.45000000000005, 101.05, 71.95, 1205.45, 2048.55, 84.85, 1592.15, 476.70000000000005]
[307.45000000000005, -307.45000000000005, 101.05, 71.95, 1205.45, 2048.55, 84.85, 1592.15, 476.70000000000005]
[307.45000000000005, -307.45000000000005, 101.05, 71.95, 1205.45, 2048.55, 84.85, 1592.15, 476.70000000000005]
[307.45000000000005, -307.45000000000005, 101.05, 71.95, 1205.45, 2048.55, 84.85, 1592.15, 476.70000000000005]
[307.45000000000005, -307.45000000000005, 101.05, 71.95, 1205.45, 2048.55, 84.85, 1592.15, 476.70000000000005]
[307.45000000000005, -307.45000000000005, 101.05, 71.95, 1205.45, 2048.55, 84.85, 1592.15, 476.70000000000005]
[307.45000000000005, -307.45000000000005, 101.05, 71.95, 1205.45, 2048.55, 84.85, 1592.15, 476.70000000000005]
[307.45000000000005, -307.45000000000005, 101.05, 71.95, 1205.45, 2048.55, 84.85, 1592.15, 476.70000000000005]
[0.0, 0.0, 0, 0, 0, 0, 0, 0, 0]
[0.0, 0.0, 0, 0, 0, 0, 0, 0, 0]
[0.0, 0.0, 0, 0, 0, 0, 0, 0, 0]
[0.0, 0.0, 0, 0, 0, 0, 0, 0, 0]
[0.0, 0.0, 0, 0, 0, 0, 0, 0, 0]
[0.0, 0.0, 0, 0, 0, 0, 0, 0, 0]
[0.0, 0.0, 0, 0, 0, 0, 0, 0, 0]
[0.0, 0.0, 0, 0, 0, 0, 0, 0, 0]
[765.0, -765.0, 0, 0, 0, 0, 0, 0, 0]
[765.0, -765.0, 0, 0, 0, 0, 0, 0, 0]
[765.0, -765.0, 0, 0, 0, 0, 0, 0, 0]
[765.0, -765.0, 0, 0, 0, 0, 0, 0, 0]
[765.0, -765.0, 0, 0, 0, 0, 0, 0, 0]
[765.0, -765.0, 0, 0, 0, 0, 0, 0, 0]
[765.0, -765.0, 0, 0, 0, 0, 0, 0, 0]
[765.0, -765.0, 0, 0, 0, 0, 0, 0, 0]
[256.0, -256.0, 0, 0, 270.0, 450.0, 0, 0, 128.0]
[256.0, -256.0, 0, 0, 270.0, 450.0, 0, 0, 128.0]
[256.0, -256.0, 0, 0, 270.0, 450.0, 0, 0, 128.0]
[256.0, -256.0, 0, 0, 270.0, 450.0, 0, 0, 128.0]
[256.0, -256.0, 0, 0, 270.0, 450.0, 0, 0, 128.0]
[256.0, -256.0, 0, 0, 270.0, 450.0, 0, 0, 128.0]
[256.0, -256.0, 0, 0, 270.0, 450.0, 0, 0, 128.0]
[256.0, -256.0, 0, 0, 270.0, 450.0, 0, 0, 128.0]
[255.0, -255.0, 0, 0, 270.0, 450.0, 0, 0, 0.5]
[255.0, -255.0, 0, 0, 270.0, 450.0, 0, 0, 0.5]
[255.0, -255.0, 0, 0, 270.0, 450.0, 0, 0, 0.5]
[255.0, -255.0, 0, 0, 270.0, 450.0, 0, 0, 0.5]
[255.0, -255.0, 0, 0, 270.0, 450.0, 0, 0, 0.5]
[255.0, -255.0, 0, 0, 270.0, 450.0, 0, 0, 0.5]
[255.0, -255.0, 0, 0, 270.0, 450.0, 0, 0, 0.5]
[255.0, -255.0, 0, 0, 270.0, 450.0, 0, 0, 0.5]
[255.0, -255.0, 0, 0, 270.0, 450.0, 0, 0, 0.5]
[255.0, -255.0, 0, 0, 270.0, 450.0, 0, 0, 0.5]
[255.0, -255.0, 0, 0, 270.0, 450.0, 0, 0, 0.5]
[255.0, -255.0, 0, 0, 270.0, 450.0, 0, 0, 0.5]
[255.0, -255.0, 0, 0, 270.0, 450.0, 0, 0, 0.5]
[255.0, -255.0, 0, 0, 270.0, 450.0, 0, 0, 0.5]
[255.0, -255.0, 0, 0, 270.0, 450.0, 0, 0, 0.5]
[255.0, -255.0, 0, 0, 270.0, 450.0, 0, 0, 0.5]
[256.0, -256.0, 0, 0, 0, 0, 0, 0, 1.0]
[256.0, -256.0, 0, 0, 0, 0, 0, 0, 1.0]
[256.0, -256.0, 0, 0, 0, 0, 0, 0, 1.0]
[256.0, -256.0, 0, 0, 0, 0, 0, 0, 1.0]
[256.0, -256.0, 0, 0, 0, 0, 0, 0, 1.0]
[256.0, -256.0, 0, 0, 0, 0, 0, 0, 1.0]
[256.0, -256.0, 0, 0, 0, 0, 0, 0, 1.0]
[256.0, -256.0, 0, 0, 0, 0, 0, 0, 1.0]
[276.75, -276.75, 0, 0, 513.0, 855.0, 66.85, 506.15, 0.5]
[276.75, -276.75, 0, 0, 513.0, 855.0, 66.85, 506.15, 0.5]
[276.75, -276.75, 0, 0, 513.0, 855.0, 66.85, 506.15, 0.5]
[276.75, -276.75, 0, 0, 513.0, 855.0, 66.85, 506.15, 0.5]
[276.75, -276.75, 0, 0, 513.0, 855.0, 66.85, 506.15, 0.5]
[276.75, -276.75, 0, 0, 513.0, 855.0, 66.85, 506.15, 0.5]
[276.75, -276.75, 0, 0, 513.0, 855.0, 66.85, 506.15, 0.5]
[276.75, -276.75, 0, 0, 513.0, 855.0, 66.85, 506.15, 0.5]
[770.25, -770.25, 0, 0, 499.0, 789.0, 66.85, 506.15, 316.0]
[770.25, -770.25, 0, 0, 499.0, 789.0, 66.85, 506.15, 316.0]
[770.25, -770.25, 0, 0, 499.0, 789.0, 66.85, 506.15, 316.0]
[770.25, -770.25, 0, 0, 499.0, 789.0, 66.85, 506.15, 316.0]
[770.25, -770.25, 0, 0, 499.0, 789.0, 66.85, 506.15, 316.0]
[770.25, -770.25, 0, 0, 499.0, 789.0, 66.85, 506.15, 316.0]
[770.25, -770.25, 0, 0, 499.0, 789.0, 66.85, 506.15, 316.0]
[770.25, -770.25, 0, 0, 499.0, 789.0, 66.85, 506.15, 316.0]
[30.4, -30.4, 0, 0, 584.0, 756.0, 12.450000000000001, 734.5500000000001, 1175.35]
[30.4, -30.4, 0, 0, 584.0, 756.0, 12.450000000000001, 734.5500000000001, 1175.35]
[30.4, -30.4, 0, 0, 584.0, 756.0, 12.450000000000001, 734.5500000000001, 1175.35]
[30.4, -30.4, 0, 0, 584.0, 756.0, 12.450000000000001, 734.5500000000001, 1175.35]
[30.4, -30.4, 0, 0, 584.0, 756.0, 12.450000000000001, 734.5500000000001, 1175.35]
[30.4, -30.4, 0, 0, 584.0, 756.0, 12.450000000000001, 734.5500000000001, 1175.35]
[30.4, -30.4, 0, 0, 584.0, 756.0, 12.450000000000001, 734.5500000000001, 1175.35]
[30.4, -30.4, 0, 0, 584.0, 756.0, 12.450000000000001, 734.5500000000001, 1175.35]
[1030.0, -1030.0, 11.600000000000001, 46.400000000000006, 212.55, 441.45000000000005, 366.29999999999995, 851.6999999999999, 1148.85]
[1030.0, -1030.0, 11.600000000000001, 46.400000000000006, 212.55, 441.45000000000005, 366.29999999999995, 851.6999999999999, 1148.85]
[1030.0, -1030.0, 11.600000000000001, 46.400000000000006, 212.55, 441.45000000000005, 366.29999999999995, 851.6999999999999, 1148.85]
[1030.0, -1030.0, 11.600000000000001, 46.400000000000006, 212.55, 441.45000000000005, 366.29999999999995, 851.6999999999999, 1148.85]
[1030.0, -1030.0, 11.600000000000001, 46.400000000000006, 212.55, 441.45000000000005, 366.29999999999995, 851.6999999999999, 1148.85]
[1030.0, -1030.0, 11.600000000000001, 46.400000000000006, 212.55, 441.45000000000005, 366.29999999999995, 851.6999999999999, 1148.85]
[1030.0, -1030.0, 11.600000000000001, 46.400000000000006, 212.55, 441.45000000000005, 366.29999999999995, 851.6999999999999, 1148.85]
[1030.0, -1030.0, 11.600000000000001, 46.400000000000006, 212.55, 441.45000000000005, 366.29999999999995, 851.6999999999999, 1148.85]
[897.4, -897.4, 0, 0, 1404.05, 1987.95, 165.0, 660.0, 506.05000000000007]
[897.4, -897.4, 0, 0, 1404.05, 1987.95, 165.0, 660.0, 506.05000000000007]
[897.4, -897.4, 0, 0, 1404.05, 1987.95, 165.0, 660.0, 506.05000000000007]
[897.4, -897.4, 0, 0, 1404.05, 1987.95, 165.0, 660.0, 506.05000000000007]
[897.4, -897.4, 0, 0, 1404.05, 1987.95, 165.0, 660.0, 506.05000000000007]
[897.4, -897.4, 0, 0, 1404.05, 1987.95, 165.0, 660.0, 506.05000000000007]
[897.4, -897.4, 0, 0, 1404.05, 1987.95, 165.0, 660.0, 506.05000000000007]
[897.4, -897.4, 0, 0, 1404.05, 1987.95, 165.0, 660.0, 506.05000000000007]
[588.05, -588.05, 29.7, 3.3000000000000003, 609.3499999999999, 852.65, 506.2, 1872.8, 745.5]
[588.05, -588.05, 29.7, 3.3000000000000003, 609.3499999999999, 852.65, 506.2, 1872.8, 745.5]
[588.05, -588.05, 29.7, 3.3000000000000003, 609.3499999999999, 852.65, 506.2, 1872.8, 745.5]
[588.05, -588.05, 29.7, 3.3000000000000003, 609.3499999999999, 852.65, 506.2, 1872.8, 745.5]
[588.05, -588.05, 29.7, 3.3000000000000003, 609.3499999999999, 852.65, 506.2, 1872.8, 745.5]
[588.05, -588.05, 29.7, 3.3000000000000003, 609.3499999999999, 852.65, 506.2, 1872.8, 745.5]
[588.05, -588.05, 29.7, 3.3000000000000003, 609.3499999999999, 852.65, 506.2, 1872.8, 745.5]
[588.05, -588.05, 29.7, 3.3000000000000003, 609.3499999999999, 852.65, 506.2, 1872.8, 745.5]
[975.0999999999999, -975.0999999999999, 53.150000000000006, 15.850000000000001, 2211.0499999999997, 3714.95, 191.2, 1380.8000000000002, 704.85]
[975.0999999999999, -975.0999999999999, 53.150000000000006, 15.850000000000001, 2211.0499999999997, 3714.95, 191.2, 1380.8000000000002, 704.85]
[975.0999999999999, -975.0999999999999, 53.150000000000006, 15.850000000000001, 2211.0499999999997, 3714.95, 191.2, 1380.8000000000002, 704.85]
[975.0999999999999, -975.0999999999999, 53.150000000000006, 15.850000000000001, 2211.0499999999997, 3714.95, 191.2, 1380.8000000000002, 704.85]
[975.0999999999999, -975.0999999999999, 53.150000000000006, 15.850000000000001, 2211.0499999999997, 3714.95, 191.2, 1380.8000000000002, 704.85]
[975.0999999999999, -975.0999999999999, 53.150000000000006, 15.850000000000001, 2211.0499999999997, 3714.95, 191.2, 1380.8000000000002, 704.85]
[975.0999999999999, -975.0999999999999, 53.150000000000006, 15.850000000000001, 2211.0499999999997, 3714.95, 191.2, 1380.8000000000002, 704.85]
[975.0999999999999, -975.0999999999999, 53.150000000000006, 15.850000000000001, 2211.0499999999997, 3714.95, 191.2, 1380.8000000000002, 704.85]
[586.75, -586.75, 0, 0, 948.0, 2284.0, 195.04999999999995, 1376.9499999999998, 1645.7999999999997]
[586.75, -586.75, 0, 0, 948.0, 2284.0, 195.04999999999995, 1376.9499999999998, 1645.7999999999997]
[586.75, -586.75, 0, 0, 948.0, 2284.0, 195.04999999999995, 1376.9499999999998, 1645.7999999999997]
[586.75, -586.75, 0, 0, 948.0, 2284.0, 195.04999999999995, 1376.9499999999998, 1645.7999999999997]
[586.75, -586.75, 0, 0, 948.0, 2284.0, 195.04999999999995, 1376.9499999999998, 1645.7999999999997]
[586.75, -586.75, 0, 0, 948.0, 2284.0, 195.04999999999995, 1376.9499999999998, 1645.7999999999997]
[586.75, -586.75, 0, 0, 948.0, 2284.0, 195.04999999999995, 1376.9499999999998, 1645.7999999999997]
[586.75, -586.75, 0, 0, 948.0, 2284.0, 195.04999999999995, 1376.9499999999998, 1645.7999999999997]
[1434.75, -1434.75, 0, 0, 1527.95, 2386.05, 231.85, 1166.15, 1297.7]
[1434.75, -1434.75, 0, 0, 1527.95, 2386.05, 231.85, 1166.15, 1297.7]
[1434.75, -1434.75, 0, 0, 1527.95, 2386.05, 231.85, 1166.15, 1297.7]
[1434.75, -1434.75, 0, 0, 1527.95, 2386.05, 231.85, 1166.15, 1297.7]
[1434.75, -1434.75, 0, 0, 1527.95, 2386.05, 231.85, 1166.15, 1297.7]
[1434.75, -1434.75, 0, 0, 1527.95, 2386.05, 231.85, 1166.15, 1297.7]
[1434.75, -1434.75, 0, 0, 1527.95, 2386.05, 231.85, 1166.15, 1297.7]
[1434.75, -1434.75, 0, 0, 1527.95, 2386.05, 231.85, 1166.15, 1297.7]
[1238.1, -1238.1, 20.25, 60.75, 1207.95, 2256.05, 164.9, 417.09999999999997, 1324.75]
[1238.1, -1238.1, 20.25, 60.75, 1207.95, 2256.05, 164.9, 417.09999999999997, 1324.75]
[1238.1, -1238.1, 20.25, 60.75, 1207.95, 2256.05, 164.9, 417.09999999999997, 1324.75]
[1238.1, -1238.1, 20.25, 60.75, 1207.95, 2256.05, 164.9, 417.09999999999997, 1324.75]
[1238.1, -1238.1, 20.25, 60.75, 1207.95, 2256.05, 164.9, 417.09999999999997, 1324.75]
[1238.1, -1238.1, 20.25, 60.75, 1207.95, 2256.05, 164.9, 417.09999999999997, 1324.75]
[1238.1, -1238.1, 20.25, 60.75, 1207.95, 2256.05, 164.9, 417.09999999999997, 1324.75]
[1238.1, -1238.1, 20.25, 60.75, 1207.95, 2256.05, 164.9, 417.09999999999997, 1324.75]
[0.0, 0.0, 0, 0, 0, 0, 0, 0, 0]
[0.0, 0.0, 0, 0, 0, 0, 0, 0, 0]
[0.0, 0.0, 0, 0, 0, 0, 0, 0, 0]
[0.0, 0.0, 0, 0, 0, 0, 0, 0, 0]
[0.0, 0.0, 0, 0, 0, 0, 0, 0, 0]
[0.0, 0.0, 0, 0, 0, 0, 0, 0, 0]
[0.0, 0.0, 0, 0, 0, 0, 0, 0, 0]
[0.0, 0.0, 0, 0, 0, 0, 0, 0, 0]
[0.0, 0.0, 0, 0, 0, 0, 0, 0, 0]
[0.0, 0.0, 0, 0, 0, 0, 0, 0, 0]
[0.0, 0.0, 0, 0, 0, 0, 0, 0, 0]
[0.0, 0.0, 0, 0, 0, 0, 0, 0, 0]
[0.0, 0.0, 0, 0, 0, 0, 0, 0, 0]
[0.0, 0.0, 0, 0, 0, 0, 0, 0, 0]
[0.0, 0.0, 0, 0, 0, 0, 0, 0, 0]
[0.0, 0.0, 0, 0, 0, 0, 0, 0, 0]
[1.0, -1.0, 0, 0, 270.0, 450.0, 0, 0, 128.0]
[1.0, -1.0, 0, 0, 270.0, 450.0, 0, 0, 128.0]
[1.0, -1.0, 0, 0, 270.0, 450.0, 0, 0, 128.0]
[1.0, -1.0, 0, 0, 270.0, 450.0, 0, 0, 128.0]
[1.0, -1.0, 0, 0, 270.0, 450.0, 0, 0, 128.0]
[1.0, -1.0, 0, 0, 270.0, 450.0, 0, 0, 128.0]
[1.0, -1.0, 0, 0, 270.0, 450.0, 0, 0, 128.0]
[1.0, -1.0, 0, 0, 270.0, 450.0, 0, 0, 128.0]
[0.0, 0.0, 7.1000000000000005, 63.9, 270.0, 450.0, 25.1, 727.9, 140.75]
[0.0, 0.0, 7.1000000000000005, 63.9, 270.0, 450.0, 25.1, 727.9, 140.75]
[0.0, 0.0, 7.1000000000000005, 63.9, 270.0, 450.0, 25.1, 727.9, 140.75]
[0.0, 0.0, 7.1000000000000005, 63.9, 270.0, 450.0, 25.1, 727.9, 140.75]
[0.0, 0.0, 7.1000000000000005, 63.9, 270.0, 450.0, 25.1, 727.9, 140.75]
[0.0, 0.0, 7.1000000000000005, 63.9, 270.0, 450.0, 25.1, 727.9, 140.75]
[0.0, 0.0, 7.1000000000000005, 63.9, 270.0, 450.0, 25.1, 727.9, 140.75]
[0.0, 0.0, 7.1000000000000005, 63.9, 270.0, 450.0, 25.1, 727.9, 140.75]
[97.85, -97.85, 0, 0, 583.0, 763.0, 310.1, 1042.9, 140.75]
[97.85, -97.85, 0, 0, 583.0, 763.0, 310.1, 1042.9, 140.75]
[97.85, -97.85, 0, 0, 583.0, 763.0, 310.1, 1042.9, 140.75]
[97.85, -97.85, 0, 0, 583.0, 763.0, 310.1, 1042.9, 140.75]
[97.85, -97.85, 0, 0, 583.0, 763.0, 310.1, 1042.9, 140.75]
[97.85, -97.85, 0, 0, 583.0, 763.0, 310.1, 1042.9, 140.75]
[97.85, -97.85, 0, 0, 583.0, 763.0, 310.1, 1042.9, 140.75]
[97.85, -97.85, 0, 0, 583.0, 763.0, 310.1, 1042.9, 140.75]
[43.25, -43.25, 0, 0, 322.05, 665.95, 19.200000000000003, 556.8, 478.15]
[43.25, -43.25, 0, 0, 322.05, 665.95, 19.200000000000003, 556.8, 478.15]
[43.25, -43.25, 0, 0, 322.05, 665.95, 19.200000000000003, 556.8, 478.15]
[43.25, -43.25, 0, 0, 322.05, 665.95, 19.200000000000003, 556.8, 478.15]
[43.25, -43.25, 0, 0, 322.05, 665.95, 19.200000000000003, 556.8, 478.15]
[43.25, -43.25, 0, 0, 322.05, 665.95, 19.200000000000003, 556.8, 478.15]
[43.25, -43.25, 0, 0, 322.05, 665.95, 19.200000000000003, 556.8, 478.15]
[43.25, -43.25, 0, 0, 322.05, 665.95, 19.200000000000003, 556.8, 478.15]
[0.0, 0.0, 7.1000000000000005, 63.9, 672.15, 1049.85, 198.35, 1163.65, 815.65]
[0.0, 0.0, 7.1000000000000005, 63.9, 672.15, 1049.85, 198.35, 1163.65, 815.65]
[0.0, 0.0, 7.1000000000000005, 63.9, 672.15, 1049.85, 198.35, 1163.65, 815.65]
[0.0, 0.0, 7.1000000000000005, 63.9, 672.15, 1049.85, 198.35, 1163.65, 815.65]
[0.0, 0.0, 7.1000000000000005, 63.9, 672.15, 1049.85, 198.35, 1163.65, 815.65]
[0.0, 0.0, 7.1000000000000005, 63.9, 672.15, 1049.85, 198.35, 1163.65, 815.65]
[0.0, 0.0, 7.1000000000000005, 63.9, 672.15, 1049.85, 198.35, 1163.65, 815.65]
[0.0, 0.0, 7.1000000000000005, 63.9, 672.15, 1049.85, 198.35, 1163.65, 815.65]
[238.14999999999998, -238.14999999999998, 0, 0, 740.55, 1529.45, 129.6, 1895.3999999999999, 843.15]
[238.14999999999998, -238.14999999999998, 0, 0, 740.55, 1529.45, 129.6, 1895.3999999999999, 843.15]
[238.14999999999998, -238.14999999999998, 0, 0, 740.55, 1529.45, 129.6, 1895.3999999999999, 843.15]
[238.14999999999998, -238.14999999999998, 0, 0, 740.55, 1529.45, 129.6, 1895.3999999999999, 843.15]
[238.14999999999998, -238.14999999999998, 0, 0, 740.55, 1529.45, 129.6, 1895.3999999999999, 843.15]
[238.14999999999998, -238.14999999999998, 0, 0, 740.55, 1529.45, 129.6, 1895.3999999999999, 843.15]
[238.14999999999998, -238.14999999999998, 0, 0, 740.55, 1529.45, 129.6, 1895.3999999999999, 843.15]
[238.14999999999998, -238.14999999999998, 0, 0, 740.55, 1529.45, 129.6, 1895.3999999999999, 843.15]
[696.4, -696.4, 81.85000000000001, 284.15000000000003, 786.3499999999999, 1671.6499999999999, 369.6, 1697.4, 278.85]
[696.4, -696.4, 81.85000000000001, 284.15000000000003, 786.3499999999999, 1671.6499999999999, 369.6, 1697.4, 278.85]
[696.4, -696.4, 81.85000000000001, 284.15000000000003, 786.3499999999999, 1671.6499999999999, 369.6, 1697.4, 278.85]
[696.4, -696.4, 81.85000000000001, 284.15000000000003, 786.3499999999999, 1671.6499999999999, 369.6, 1697.4, 278.85]
[696.4, -696.4, 81.85000000000001, 284.15000000000003, 786.3499999999999, 1671.6499999999999, 369.6, 1697.4, 278.85]
[696.4, -696.4, 81.85000000000001, 284.15000000000003, 786.3499999999999, 1671.6499999999999, 369.6, 1697.4, 278.85]
[696.4, -696.4, 81.85000000000001, 284.15000000000003, 786.3499999999999, 1671.6499999999999, 369.6, 1697.4, 278.85]
[696.4, -696.4, 81.85000000000001, 284.15000000000003, 786.3499999999999, 1671.6499999999999, 369.6, 1697.4, 278.85]
[883.0, -883.0, 7.1000000000000005, 63.9, 877.8000000000001, 1526.2000000000003, 316.34999999999997, 1420.65, 915.8000000000001]
[883.0, -883.0, 7.1000000000000005, 63.9, 877.8000000000001, 1526.2000000000003, 316.34999999999997, 1420.65, 915.8000000000001]
[883.0, -883.0, 7.1000000000000005, 63.9, 877.8000000000001, 1526.2000000000003, 316.34999999999997, 1420.65, 915.8000000000001]
[883.0, -883.0, 7.1000000000000005, 63.9, 877.8000000000001, 1526.2000000000003, 316.34999999999997, 1420.65, 915.8000000000001]
[883.0, -883.0, 7.1000000000000005, 63.9, 877.8000000000001, 1526.2000000000003, 316.34999999999997, 1420.65, 915.8000000000001]
[883.0, -883.0, 7.1000000000000005, 63.9, 877.8000000000001, 1526.2000000000003, 316.34999999999997, 1420.65, 915.8000000000001]
[883.0, -883.0, 7.1000000000000005, 63.9, 877.8000000000001, 1526.2000000000003, 316.34999999999997, 1420.65, 915.8000000000001]
[883.0, -883.0, 7.1000000000000005, 63.9, 877.8000000000001, 1526.2000000000003, 316.34999999999997, 1420.65, 915.8000000000001]
[380.9, -380.9, 0, 0, 1977.8500000000001, 3310.15, 59.5, 1374.5, 975.5]
[380.9, -380.9, 0, 0, 1977.8500000000001, 3310.15, 59.5, 1374.5, 975.5]
[380.9, -380.9, 0, 0, 1977.8500000000001, 3310.15, 59.5, 1374.5, 975.5]
[380.9, -380.9, 0, 0, 1977.8500000000001, 3310.15, 59.5, 1374.5, 975.5]
[380.9, -380.9, 0, 0, 1977.8500000000001, 3310.15, 59.5, 1374.5, 975.5]
[380.9, -380.9, 0, 0, 1977.8500000000001, 3310.15, 59.5, 1374.5, 975.5]
[380.9, -380.9, 0, 0, 1977.8500000000001, 3310.15, 59.5, 1374.5, 975.5]
[380.9, -380.9, 0, 0, 1977.8500000000001, 3310.15, 59.5, 1374.5, 975.5]
[764.5, -764.5, 86.2, 2.8000000000000003, 881.6, 1250.3999999999999, 138.25, 815.75, 830.8499999999999]
[764.5, -764.5, 86.2, 2.8000000000000003, 881.6, 1250.3999999999999, 138.25, 815.75, 830.8499999999999]
[764.5, -764.5, 86.2, 2.8000000000000003, 881.6, 1250.3999999999999, 138.25, 815.75, 830.8499999999999]
[764.5, -764.5, 86.2, 2.8000000000000003, 881.6, 1250.3999999999999, 138.25, 815.75, 830.8499999999999]
[764.5, -764.5, 86.2, 2.8000000000000003, 881.6, 1250.3999999999999, 138.25, 815.75, 830.8499999999999]
[764.5, -764.5, 86.2, 2.8000000000000003, 881.6, 1250.3999999999999, 138.25, 815.75, 830.8499999999999]
[764.5, -764.5, 86.2, 2.8000000000000003, 881.6, 1250.3999999999999, 138.25, 815.75, 830.8499999999999]
[764.5, -764.5, 86.2, 2.8000000000000003, 881.6, 1250.3999999999999, 138.25, 815.75, 830.8499999999999]
[391.35, -391.35, 59.800000000000004, 239.20000000000002, 1719.1499999999999, 3554.85, 193.15, 1438.85, 1333.15]
[391.35, -391.35, 59.800000000000004, 239.20000000000002, 1719.1499999999999, 3554.85, 193.15, 1438.85, 1333.15]
[391.35, -391.35, 59.800000000000004, 239.20000000000002, 1719.1499999999999, 3554.85, 193.15, 1438.85, 1333.15]
[391.35, -391.35, 59.800000000000004, 239.20000000000002, 1719.1499999999999, 3554.85, 193.15, 1438.85, 1333.15]
[391.35, -391.35, 59.800000000000004, 239.20000000000002, 1719.1499999999999, 3554.85, 193.15, 1438.85, 1333.15]
[391.35, -391.35, 59.800000000000004, 239.20000000000002, 1719.1499999999999, 3554.85, 193.15, 1438.85, 1333.15]
[391.35, -391.35, 59.800000000000004, 239.20000000000002, 1719.1499999999999, 3554.85, 193.15, 1438.85, 1333.15]
[391.35, -391.35, 59.800000000000004, 239.20000000000002, 1719.1499999999999, 3554.85, 193.15, 1438.85, 1333.15]
[1834.5500000000002, -1834.5500000000002, 22.799999999999997, 1.2000000000000002, 1419.35, 1920.65, 155.85000000000002, 1461.1500000000003, 1158.45]
[1834.5500000000002, -1834.5500000000002, 22.799999999999997, 1.2000000000000002, 1419.35, 1920.65, 155.85000000000002, 1461.1500000000003, 1158.45]
[1834.5500000000002, -1834.5500000000002, 22.799999999999997, 1.2000000000000002, 1419.35, 1920.65, 155.85000000000002, 1461.1500000000003, 1158.45]
[1834.5500000000002, -1834.5500000000002, 22.799999999999997, 1.2000000000000002, 1419.35, 1920.65, 155.85000000000002, 1461.1500000000003, 1158.45]
[1834.5500000000002, -1834.5500000000002, 22.799999999999997, 1.2000000000000002, 1419.35, 1920.65, 155.85000000000002, 1461.1500000000003, 1158.45]
[1834.5500000000002, -1834.5500000000002, 22.799999999999997, 1.2000000000000002, 1419.35, 1920.65, 155.85000000000002, 1461.1500000000003, 1158.45]
[1834.5500000000002, -1834.5500000000002, 22.799999999999997, 1.2000000000000002, 1419.35, 1920.65, 155.85000000000002, 1461.1500000000003, 1158.45]
[1834.5500000000002, -1834.5500000000002, 22.799999999999997, 1.2000000000000002, 1419.35, 1920.65, 155.85000000000002, 1461.1500000000003, 1158.45]
[1280.8999999999999, -1280.8999999999999, 5.55, 31.45, 1816.35, 2797.65, 126.35, 1880.65, 1706.95]
[1280.8999999999999, -1280.8999999999999, 5.55, 31.45, 1816.35, 2797.65, 126.35, 1880.65, 1706.95]
[1280.8999999999999, -1280.8999999999999, 5.55, 31.45, 1816.35, 2797.65, 126.35, 1880.65, 1706.95]
[1280.8999999999999, -1280.8999999999999, 5.55, 31.45, 1816.35, 2797.65, 126.35, 1880.65, 1706.95]
[1280.8999999999999, -1280.8999999999999, 5.55, 31.45, 1816.35, 2797.65, 126.35, 1880.65, 1706.95]
[1280.8999999999999, -1280.8999999999999, 5.55, 31.45, 1816.35, 2797.65, 126.35, 1880.65, 1706.95]
[1280.8999999999999, -1280.8999999999999, 5.55, 31.45, 1816.35, 2797.65, 126.35, 1880.65, 1706.95]
[1280.8999999999999, -1280.8999999999999, 5.55, 31.45, 1816.35, 2797.65, 126.35, 1880.65, 1706.95]
[1105.95, -1105.95, 178.70000000000002, 279.3, 1595.4, 3412.6, 89.4, 1860.6, 1014.0500000000001]
[1105.95, -1105.95, 178.70000000000002, 279.3, 1595.4, 3412.6, 89.4, 1860.6, 1014.0500000000001]
[1105.95, -1105.95, 178.70000000000002, 279.3, 1595.4, 3412.6, 89.4, 1860.6, 1014.0500000000001]
[1105.95, -1105.95, 178.70000000000002, 279.3, 1595.4, 3412.6, 89.4, 1860.6, 1014.0500000000001]
[1105.95, -1105.95, 178.70000000000002, 279.3, 1595.4, 3412.6, 89.4, 1860.6, 1014.0500000000001]
[1105.95, -1105.95, 178.70000000000002, 279.3, 1595.4, 3412.6, 89.4, 1860.6, 1014.0500000000001]
[1105.95, -1105.95, 178.70000000000002, 279.3, 1595.4, 3412.6, 89.4, 1860.6, 1014.0500000000001]
[1105.95, -1105.95, 178.70000000000002, 279.3, 1595.4, 3412.6, 89.4, 1860.6, 1014.0500000000001]
[0.0, 0.0, 0, 0, 0, 0, 0, 0, 0]
[0.0, 0.0, 0, 0, 0, 0, 0, 0, 0]
[0.0, 0.0, 0, 0, 0, 0, 0, 0, 0]
[0.0, 0.0, 0, 0, 0, 0, 0, 0, 0]
[0.0, 0.0, 0, 0, 0, 0, 0, 0, 0]
[0.0, 0.0, 0, 0, 0, 0, 0, 0, 0]
[0.0, 0.0, 0, 0, 0, 0, 0, 0, 0]
[0.0, 0.0, 0, 0, 0, 0, 0, 0, 0]
[1276.0, -1276.0, 0, 0, 0, 0, 0, 0, 140.25]
[1276.0, -1276.0, 0, 0, 0, 0, 0, 0, 140.25]
[1276.0, -1276.0, 0, 0, 0, 0, 0, 0, 140.25]
[1276.0, -1276.0, 0, 0, 0, 0, 0, 0, 140.25]
[1276.0, -1276.0, 0, 0, 0, 0, 0, 0, 140.25]
[1276.0, -1276.0, 0, 0, 0, 0, 0, 0, 140.25]
[1276.0, -1276.0, 0, 0, 0, 0, 0, 0, 140.25]
[1276.0, -1276.0, 0, 0, 0, 0, 0, 0, 140.25]
[511.0, -511.0, 0, 0, 0, 0, 0, 0, 408.0]
[511.0, -511.0, 0, 0, 0, 0, 0, 0, 408.0]
[511.0, -511.0, 0, 0, 0, 0, 0, 0, 408.0]
[511.0, -511.0, 0, 0, 0, 0, 0, 0, 408.0]
[511.0, -511.0, 0, 0, 0, 0, 0, 0, 408.0]
[511.0, -511.0, 0, 0, 0, 0, 0, 0, 408.0]
[511.0, -511.0, 0, 0, 0, 0, 0, 0, 408.0]
[511.0, -511.0, 0, 0, 0, 0, 0, 0, 408.0]
[511.0, -511.0, 0, 0, 578.2, 745.8, 0, 0, 102.85000000000001]
[511.0, -511.0, 0, 0, 578.2, 745.8, 0, 0, 102.85000000000001]
[511.0, -511.0, 0, 0, 578.2, 745.8, 0, 0, 102.85000000000001]
[511.0, -511.0, 0, 0, 578.2, 745.8, 0, 0, 102.85000000000001]
[511.0, -511.0, 0, 0, 578.2, 745.8, 0, 0, 102.85000000000001]
[511.0, -511.0, 0, 0, 578.2, 745.8, 0, 0, 102.85000000000001]
[511.0, -511.0, 0, 0, 578.2, 745.8, 0, 0, 102.85000000000001]
[511.0, -511.0, 0, 0, 578.2, 745.8, 0, 0, 102.85000000000001]
[270.75, -270.75, 36.1, 1.9000000000000001, 91.8, 520.1999999999999, 115.25, 1159.75, 404.1]
[270.75, -270.75, 36.1, 1.9000000000000001, 91.8, 520.1999999999999, 115.25, 1159.75, 404.1]
[270.75, -270.75, 36.1, 1.9000000000000001, 91.8, 520.1999999999999, 115.25, 1159.75, 404.1]
[270.75, -270.75, 36.1, 1.9000000000000001, 91.8, 520.1999999999999, 115.25, 1159.75, 404.1]
[270.75, -270.75, 36.1, 1.9000000000000001, 91.8, 520.1999999999999, 115.25, 1159.75, 404.1]
[270.75, -270.75, 36.1, 1.9000000000000001, 91.8, 520.1999999999999, 115.25, 1159.75, 404.1]
[270.75, -270.75, 36.1, 1.9000000000000001, 91.8, 520.1999999999999, 115.25, 1159.75, 404.1]
[270.75, -270.75, 36.1, 1.9000000000000001, 91.8, 520.1999999999999, 115.25, 1159.75, 404.1]
[437.3, -437.3, 0, 0, 175.70000000000002, 792.3, 31.95, 607.0500000000001, 791.1]
[437.3, -437.3, 0, 0, 175.70000000000002, 792.3, 31.95, 607.0500000000001, 791.1]
[437.3, -437.3, 0, 0, 175.70000000000002, 792.3, 31.95, 607.0500000000001, 791.1]
[437.3, -437.3, 0, 0, 175.70000000000002, 792.3, 31.95, 607.0500000000001, 791.1]
[437.3, -437.3, 0, 0, 175.70000000000002, 792.3, 31.95, 607.0500000000001, 791.1]
[437.3, -437.3, 0, 0, 175.70000000000002, 792.3, 31.95, 607.0500000000001, 791.1]
[437.3, -437.3, 0, 0, 175.70000000000002, 792.3, 31.95, 607.0500000000001, 791.1]
[437.3, -437.3, 0, 0, 175.70000000000002, 792.3, 31.95, 607.0500000000001, 791.1]
[738.3, -738.3, 0, 0, 883.6, 2040.3999999999999, 122.55000000000001, 948.45, 497.5]
[738.3, -738.3, 0, 0, 883.6, 2040.3999999999999, 122.55000000000001, 948.45, 497.5]
[738.3, -738.3, 0, 0, 883.6, 2040.3999999999999, 122.55000000000001, 948.45, 497.5]
[738.3, -738.3, 0, 0, 883.6, 2040.3999999999999, 122.55000000000001, 948.45, 497.5]
[738.3, -738.3, 0, 0, 883.6, 2040.3999999999999, 122.55000000000001, 948.45, 497.5]
[738.3, -738.3, 0, 0, 883.6, 2040.3999999999999, 122.55000000000001, 948.45, 497.5]
[738.3, -738.3, 0, 0, 883.6, 2040.3999999999999, 122.55000000000001, 948.45, 497.5]
[738.3, -738.3, 0, 0, 883.6, 2040.3999999999999, 122.55000000000001, 948.45, 497.5]
[1053.8, -1053.8, 36.1, 1.9000000000000001, 868.1, 1935.8999999999999, 31.95, 607.0500000000001, 970.25]
[1053.8, -1053.8, 36.1, 1.9000000000000001, 868.1, 1935.8999999999999, 31.95, 607.0500000000001, 970.25]
[1053.8, -1053.8, 36.1, 1.9000000000000001, 868.1, 1935.8999999999999, 31.95, 607.0500000000001, 970.25]
[1053.8, -1053.8, 36.1, 1.9000000000000001, 868.1, 1935.8999999999999, 31.95, 607.0500000000001, 970.25]
[1053.8, -1053.8, 36.1, 1.9000000000000001, 868.1, 1935.8999999999999, 31.95, 607.0500000000001, 970.25]
[1053.8, -1053.8, 36.1, 1.9000000000000001, 868.1, 1935.8999999999999, 31.95, 607.0500000000001, 970.25]
[1053.8, -1053.8, 36.1, 1.9000000000000001, 868.1, 1935.8999999999999, 31.95, 607.0500000000001, 970.25]
[1053.8, -1053.8, 36.1, 1.9000000000000001, 868.1, 1935.8999999999999, 31.95, 607.0500000000001, 970.25]
[605.4, -605.4, 0, 0, 933.05, 1946.9499999999998, 132.35, 1199.65, 681.3]
[605.4, -605.4, 0, 0, 933.05, 1946.9499999999998, 132.35, 1199.65, 681.3]
[605.4, -605.4, 0, 0, 933.05, 1946.9499999999998, 132.35, 1199.65, 681.3]
[605.4, -605.4, 0, 0, 933.05, 1946.9499999999998, 132.35, 1199.65, 681.3]
[605.4, -605.4, 0, 0, 933.05, 1946.9499999999998, 132.35, 1199.65, 681.3]
[605.4, -605.4, 0, 0, 933.05, 1946.9499999999998, 132.35, 1199.65, 681.3]
[605.4, -605.4, 0, 0, 933.05, 1946.9499999999998, 132.35, 1199.65, 681.3]
[605.4, -605.4, 0, 0, 933.05, 1946.9499999999998, 132.35, 1199.65, 681.3]
[1030.1999999999998, -1030.1999999999998, 122.0, 212.0, 1447.65, 2876.35, 313.5, 2080.5, 898.45]
[1030.1999999999998, -1030.1999999999998, 122.0, 212.0, 1447.65, 2876.35, 313.5, 2080.5, 898.45]
[1030.1999999999998, -1030.1999999999998, 122.0, 212.0, 1447.65, 2876.35, 313.5, 2080.5, 898.45]
[1030.1999999999998, -1030.1999999999998, 122.0, 212.0, 1447.65, 2876.35, 313.5, 2080.5, 898.45]
[1030.1999999999998, -1030.1999999999998, 122.0, 212.0, 1447.65, 2876.35, 313.5, 2080.5, 898.45]
[1030.1999999999998, -1030.1999999999998, 122.0, 212.0, 1447.65, 2876.35, 313.5, 2080.5, 898.45]
[1030.1999999999998, -1030.1999999999998, 122.0, 212.0, 1447.65, 2876.35, 313.5, 2080.5, 898.45]
[1030.1999999999998, -1030.1999999999998, 122.0, 212.0, 1447.65, 2876.35, 313.5, 2080.5, 898.45]
[1343.15, -1343.15, 0, 0, 1121.95, 2166.05, 35.1, 666.9, 1210.5500000000002]
[1343.15, -1343.15, 0, 0, 1121.95, 2166.05, 35.1, 666.9, 1210.5500000000002]
[1343.15, -1343.15, 0, 0, 1121.95, 2166.05, 35.1, 666.9, 1210.5500000000002]
[1343.15, -1343.15, 0, 0, 1121.95, 2166.05, 35.1, 666.9, 1210.5500000000002]
[1343.15, -1343.15, 0, 0, 1121.95, 2166.05, 35.1, 666.9, 1210.5500000000002]
[1343.15, -1343.15, 0, 0, 1121.95, 2166.05, 35.1, 666.9, 1210.5500000000002]
[1343.15, -1343.15, 0, 0, 1121.95, 2166.05, 35.1, 666.9, 1210.5500000000002]
[1343.15, -1343.15, 0, 0, 1121.95, 2166.05, 35.1, 666.9, 1210.5500000000002]
[1072.3500000000001, -1072.3500000000001, 82.60000000000001, 381.40000000000003, 664.5, 869.5, 408.8, 1655.2, 1351.55]
[1072.3500000000001, -1072.3500000000001, 82.60000000000001, 381.40000000000003, 664.5, 869.5, 408.8, 1655.2, 1351.55]
[1072.3500000000001, -1072.3500000000001, 82.60000000000001, 381.40000000000003, 664.5, 869.5, 408.8, 1655.2, 1351.55]
[1072.3500000000001, -1072.3500000000001, 82.60000000000001, 381.40000000000003, 664.5, 869.5, 408.8, 1655.2, 1351.55]
[1072.3500000000001, -1072.3500000000001, 82.60000000000001, 381.40000000000003, 664.5, 869.5, 408.8, 1655.2, 1351.55]
[1072.3500000000001, -1072.3500000000001, 82.60000000000001, 381.40000000000003, 664.5, 869.5, 408.8, 1655.2, 1351.55]
[1072.3500000000001, -1072.3500000000001, 82.60000000000001, 381.40000000000003, 664.5, 869.5, 408.8, 1655.2, 1351.55]
[1072.3500000000001, -1072.3500000000001, 82.60000000000001, 381.40000000000003, 664.5, 869.5, 408.8, 1655.2, 1351.55]
[991.75, -991.75, 53.150000000000006, 15.850000000000001, 2726.7, 5413.3, 124.70000000000002, 1075.3, 195.79999999999998]
[991.75, -991.75, 53.150000000000006, 15.850000000000001, 2726.7, 5413.3, 124.70000000000002, 1075.3, 195.79999999999998]
[991.75, -991.75, 53.150000000000006, 15.850000000000001, 2726.7, 5413.3, 124.70000000000002, 1075.3, 195.79999999999998]
[991.75, -991.75, 53.150000000000006, 15.850000000000001, 2726.7, 5413.3, 124.70000000000002, 1075.3, 195.79999999999998]
[991.75, -991.75, 53.150000000000006, 15.850000000000001, 2726.7, 5413.3, 124.70000000000002, 1075.3, 195.79999999999998]
[991.75, -991.75, 53.150000000000006, 15.850000000000001, 2726.7, 5413.3, 124.70000000000002, 1075.3, 195.79999999999998]
[991.75, -991.75, 53.150000000000006, 15.850000000000001, 2726.7, 5413.3, 124.70000000000002, 1075.3, 195.79999999999998]
[991.75, -991.75, 53.150000000000006, 15.850000000000001, 2726.7, 5413.3, 124.70000000000002, 1075.3, 195.79999999999998]
[1052.65, -1052.65, 0, 0, 1215.5, 2228.5000000000005, 598.0999999999999, 2494.8999999999996, 1133.15]
[1052.65, -1052.65, 0, 0, 1215.5, 2228.5000000000005, 598.0999999999999, 2494.8999999999996, 1133.15]
[1052.65, -1052.65, 0, 0, 1215.5, 2228.5000000000005, 598.0999999999999, 2494.8999999999996, 1133.15]
[1052.65, -1052.65, 0, 0, 1215.5, 2228.5000000000005, 598.0999999999999, 2494.8999999999996, 1133.15]
[1052.65, -1052.65, 0, 0, 1215.5, 2228.5000000000005, 598.0999999999999, 2494.8999999999996, 1133.15]
[1052.65, -1052.65, 0, 0, 1215.5, 2228.5000000000005, 598.0999999999999, 2494.8999999999996, 1133.15]
[1052.65, -1052.65, 0, 0, 1215.5, 2228.5000000000005, 598.0999999999999, 2494.8999999999996, 1133.15]
[1052.65, -1052.65, 0, 0, 1215.5, 2228.5000000000005, 598.0999999999999, 2494.8999999999996, 1133.15]
[1549.1, -1549.1, 36.1, 1.9000000000000001, 1679.1499999999999, 3558.8500000000004, 52.2, 706.8, 1765.45]
[1549.1, -1549.1, 36.1, 1.9000000000000001, 1679.1499999999999, 3558.8500000000004, 52.2, 706.8, 1765.45]
[1549.1, -1549.1, 36.1, 1.9000000000000001, 1679.1499999999999, 3558.8500000000004, 52.2, 706.8, 1765.45]
[1549.1, -1549.1, 36.1, 1.9000000000000001, 1679.1499999999999, 3558.8500000000004, 52.2, 706.8, 1765.45]
[1549.1, -1549.1, 36.1, 1.9000000000000001, 1679.1499999999999, 3558.8500000000004, 52.2, 706.8, 1765.45]
[1549.1, -1549.1, 36.1, 1.9000000000000001, 1679.1499999999999, 3558.8500000000004, 52.2, 706.8, 1765.45]
[1549.1, -1549.1, 36.1, 1.9000000000000001, 1679.1499999999999, 3558.8500000000004, 52.2, 706.8, 1765.45]
[1549.1, -1549.1, 36.1, 1.9000000000000001, 1679.1499999999999, 3558.8500000000004, 52.2, 706.8, 1765.45]
[1423.1000000000001, -1423.1000000000001, 279.5, 76.5, 2359.3, 3536.7, 112.0, 2000.0, 1114.15]
[1423.1000000000001, -1423.1000000000001, 279.5, 76.5, 2359.3, 3536.7, 112.0, 2000.0, 1114.15]
[1423.1000000000001, -1423.1000000000001, 279.5, 76.5, 2359.3, 3536.7, 112.0, 2000.0, 1114.15]
[1423.1000000000001, -1423.1000000000001, 279.5, 76.5, 2359.3, 3536.7, 112.0, 2000.0, 1114.15]
[1423.1000000000001, -1423.1000000000001, 279.5, 76.5, 2359.3, 3536.7, 112.0, 2000.0, 1114.15]
[1423.1000000000001, -1423.1000000000001, 279.5, 76.5, 2359.3, 3536.7, 112.0, 2000.0, 1114.15]
[1423.1000000000001, -1423.1000000000001, 279.5, 76.5, 2359.3, 3536.7, 112.0, 2000.0, 1114.15]
[1423.1000000000001, -1423.1000000000001, 279.5, 76.5, 2359.3, 3536.7, 112.0, 2000.0, 1114.15]
[0.0, 0.0, 0, 0, 0, 0, 0, 0, 0]
[0.0, 0.0, 0, 0, 0, 0, 0, 0, 0]
[0.0, 0.0, 0, 0, 0, 0, 0, 0, 0]
[0.0, 0.0, 0, 0, 0, 0, 0, 0, 0]
[0.0, 0.0, 0, 0, 0, 0, 0, 0, 0]
[0.0, 0.0, 0, 0, 0, 0, 0, 0, 0]
[0.0, 0.0, 0, 0, 0, 0, 0, 0, 0]
[0.0, 0.0, 0, 0, 0, 0, 0, 0, 0]
[511.0, -511.0, 0, 0, 0, 0, 0, 0, 140.25]
[511.0, -511.0, 0, 0, 0, 0, 0, 0, 140.25]
[511.0, -511.0, 0, 0, 0, 0, 0, 0, 140.25]
[511.0, -511.0, 0, 0, 0, 0, 0, 0, 140.25]
[511.0, -511.0, 0, 0, 0, 0, 0, 0, 140.25]
[511.0, -511.0, 0, 0, 0, 0, 0, 0, 140.25]
[511.0, -511.0, 0, 0, 0, 0, 0, 0, 140.25]
[511.0, -511.0, 0, 0, 0, 0, 0, 0, 140.25]
[511.0, -511.0, 0, 0, 0, 0, 0, 0, 395.25]
[511.0, -511.0, 0, 0, 0, 0, 0, 0, 395.25]
[511.0, -511.0, 0, 0, 0, 0, 0, 0, 395.25]
[511.0, -511.0, 0, 0, 0, 0, 0, 0, 395.25]
[511.0, -511.0, 0, 0, 0, 0, 0, 0, 395.25]
[511.0, -511.0, 0, 0, 0, 0, 0, 0, 395.25]
[511.0, -511.0, 0, 0, 0, 0, 0, 0, 395.25]
[511.0, -511.0, 0, 0, 0, 0, 0, 0, 395.25]
[510.0, -510.0, 7.1000000000000005, 63.9, 241.49999999999997, 448.5, 73.6, 1261.4, 291.5]
[510.0, -510.0, 7.1000000000000005, 63.9, 241.49999999999997, 448.5, 73.6, 1261.4, 291.5]
[510.0, -510.0, 7.1000000000000005, 63.9, 241.49999999999997, 448.5, 73.6, 1261.4, 291.5]
[510.0, -510.0, 7.1000000000000005, 63.9, 241.49999999999997, 448.5, 73.6, 1261.4, 291.5]
[510.0, -510.0, 7.1000000000000005, 63.9, 241.49999999999997, 448.5, 73.6, 1261.4, 291.5]
[510.0, -510.0, 7.1000000000000005, 63.9, 241.49999999999997, 448.5, 73.6, 1261.4, 291.5]
[510.0, -510.0, 7.1000000000000005, 63.9, 241.49999999999997, 448.5, 73.6, 1261.4, 291.5]
[510.0, -510.0, 7.1000000000000005, 63.9, 241.49999999999997, 448.5, 73.6, 1261.4, 291.5]
[935.2500000000001, -935.2500000000001, 0, 0, 313.0, 313.0, 342.95000000000005, 1667.0500000000002, 423.9]
[935.2500000000001, -935.2500000000001, 0, 0, 313.0, 313.0, 342.95000000000005, 1667.0500000000002, 423.9]
[935.2500000000001, -935.2500000000001, 0, 0, 313.0, 313.0, 342.95000000000005, 1667.0500000000002, 423.9]
[935.2500000000001, -935.2500000000001, 0, 0, 313.0, 313.0, 342.95000000000005, 1667.0500000000002, 423.9]
[935.2500000000001, -935.2500000000001, 0, 0, 313.0, 313.0, 342.95000000000005, 1667.0500000000002, 423.9]
[935.2500000000001, -935.2500000000001, 0, 0, 313.0, 313.0, 342.95000000000005, 1667.0500000000002, 423.9]
[935.2500000000001, -935.2500000000001, 0, 0, 313.0, 313.0, 342.95000000000005, 1667.0500000000002, 423.9]
[935.2500000000001, -935.2500000000001, 0, 0, 313.0, 313.0, 342.95000000000005, 1667.0500000000002, 423.9]
[623.95, -623.95, 0, 0, 590.6, 729.4, 216.35, 1706.6499999999999, 904.05]
[623.95, -623.95, 0, 0, 590.6, 729.4, 216.35, 1706.6499999999999, 904.05]
[623.95, -623.95, 0, 0, 590.6, 729.4, 216.35, 1706.6499999999999, 904.05]
[623.95, -623.95, 0, 0, 590.6, 729.4, 216.35, 1706.6499999999999, 904.05]
[623.95, -623.95, 0, 0, 590.6, 729.4, 216.35, 1706.6499999999999, 904.05]
[623.95, -623.95, 0, 0, 590.6, 729.4, 216.35, 1706.6499999999999, 904.05]
[623.95, -623.95, 0, 0, 590.6, 729.4, 216.35, 1706.6499999999999, 904.05]
[623.95, -623.95, 0, 0, 590.6, 729.4, 216.35, 1706.6499999999999, 904.05]
[793.7, -793.7, 7.1000000000000005, 63.9, 57.25, 360.75, 364.95000000000005, 2545.05, 1077.6499999999999]
[793.7, -793.7, 7.1000000000000005, 63.9, 57.25, 360.75, 364.95000000000005, 2545.05, 1077.6499999999999]
[793.7, -793.7, 7.1000000000000005, 63.9, 57.25, 360.75, 364.95000000000005, 2545.05, 1077.6499999999999]
[793.7, -793.7, 7.1000000000000005, 63.9, 57.25, 360.75, 364.95000000000005, 2545.05, 1077.6499999999999]
[793.7, -793.7, 7.1000000000000005, 63.9, 57.25, 360.75, 364.95000000000005, 2545.05, 1077.6499999999999]
[793.7, -793.7, 7.1000000000000005, 63.9, 57.25, 360.75, 364.95000000000005, 2545.05, 1077.6499999999999]
[793.7, -793.7, 7.1000000000000005, 63.9, 57.25, 360.75, 364.95000000000005, 2545.05, 1077.6499999999999]
[793.7, -793.7, 7.1000000000000005, 63.9, 57.25, 360.75, 364.95000000000005, 2545.05, 1077.6499999999999]
[906.15, -906.15, 0, 0, 339.35, 1174.65, 259.9, 2539.1000000000004, 896.65]
[906.15, -906.15, 0, 0, 339.35, 1174.65, 259.9, 2539.1000000000004, 896.65]
[906.15, -906.15, 0, 0, 339.35, 1174.65, 259.9, 2539.1000000000004, 896.65]
[906.15, -906.15, 0, 0, 339.35, 1174.65, 259.9, 2539.1000000000004, 896.65]
[906.15, -906.15, 0, 0, 339.35, 1174.65, 259.9, 2539.1000000000004, 896.65]
[906.15, -906.15, 0, 0, 339.35, 1174.65, 259.9, 2539.1000000000004, 896.65]
[906.15, -906.15, 0, 0, 339.35, 1174.65, 259.9, 2539.1000000000004, 896.65]
[906.15, -906.15, 0, 0, 339.35, 1174.65, 259.9, 2539.1000000000004, 896.65]
[749.65, -749.65, 22.05, 44.95, 751.65, 1474.35, 622.9000000000001, 2890.1000000000004, 698.45]
[749.65, -749.65, 22.05, 44.95, 751.65, 1474.35, 622.9000000000001, 2890.1000000000004, 698.45]
[749.65, -749.65, 22.05, 44.95, 751.65, 1474.35, 622.9000000000001, 2890.1000000000004, 698.45]
[749.65, -749.65, 22.05, 44.95, 751.65, 1474.35, 622.9000000000001, 2890.1000000000004, 698.45]
[749.65, -749.65, 22.05, 44.95, 751.65, 1474.35, 622.9000000000001, 2890.1000000000004, 698.45]
[749.65, -749.65, 22.05, 44.95, 751.65, 1474.35, 622.9000000000001, 2890.1000000000004, 698.45]
[749.65, -749.65, 22.05, 44.95, 751.65, 1474.35, 622.9000000000001, 2890.1000000000004, 698.45]
[749.65, -749.65, 22.05, 44.95, 751.65, 1474.35, 622.9000000000001, 2890.1000000000004, 698.45]
[1273.65, -1273.65, 15.900000000000002, 71.1, 636.0, 1316.0, 200.6, 1263.4, 1716.45]
[1273.65, -1273.65, 15.900000000000002, 71.1, 636.0, 1316.0, 200.6, 1263.4, 1716.45]
[1273.65, -1273.65, 15.900000000000002, 71.1, 636.0, 1316.0, 200.6, 1263.4, 1716.45]
[1273.65, -1273.65, 15.900000000000002, 71.1, 636.0, 1316.0, 200.6, 1263.4, 1716.45]
[1273.65, -1273.65, 15.900000000000002, 71.1, 636.0, 1316.0, 200.6, 1263.4, 1716.45]
[1273.65, -1273.65, 15.900000000000002, 71.1, 636.0, 1316.0, 200.6, 1263.4, 1716.45]
[1273.65, -1273.65, 15.900000000000002, 71.1, 636.0, 1316.0, 200.6, 1263.4, 1716.45]
[1273.65, -1273.65, 15.900000000000002, 71.1, 636.0, 1316.0, 200.6, 1263.4, 1716.45]
[2067.55, -2067.55, 30.4, 1.6, 1145.55, 1646.4499999999998, 187.45000000000002, 1147.5500000000002, 958.4]
[2067.55, -2067.55, 30.4, 1.6, 1145.55, 1646.4499999999998, 187.45000000000002, 1147.5500000000002, 958.4]
[2067.55, -2067.55, 30.4, 1.6, 1145.55, 1646.4499999999998, 187.45000000000002, 1147.5500000000002, 958.4]
[2067.55, -2067.55, 30.4, 1.6, 1145.55, 1646.4499999999998, 187.45000000000002, 1147.5500000000002, 958.4]
[2067.55, -2067.55, 30.4, 1.6, 1145.55, 1646.4499999999998, 187.45000000000002, 1147.5500000000002, 958.4]
[2067.55, -2067.55, 30.4, 1.6, 1145.55, 1646.4499999999998, 187.45000000000002, 1147.5500000000002, 958.4]
[2067.55, -2067.55, 30.4, 1.6, 1145.55, 1646.4499999999998, 187.45000000000002, 1147.5500000000002, 958.4]
[2067.55, -2067.55, 30.4, 1.6, 1145.55, 1646.4499999999998, 187.45000000000002, 1147.5500000000002, 958.4]
[2539.0000000000005, -2539.0000000000005, 9.8, 88.2, 1679.8, 2390.2, 36.15, 86.85, 692.25]
[2539.0000000000005, -2539.0000000000005, 9.8, 88.2, 1679.8, 2390.2, 36.15, 86.85, 692.25]
[2539.0000000000005, -2539.0000000000005, 9.8, 88.2, 1679.8, 2390.2, 36.15, 86.85, 692.25]
[2539.0000000000005, -2539.0000000000005, 9.8, 88.2, 1679.8, 2390.2, 36.15, 86.85, 692.25]
[2539.0000000000005, -2539.0000000000005, 9.8, 88.2, 1679.8, 2390.2, 36.15, 86.85, 692.25]
[2539.0000000000005, -2539.0000000000005, 9.8, 88.2, 1679.8, 2390.2, 36.15, 86.85, 692.25]
[2539.0000000000005, -2539.0000000000005, 9.8, 88.2, 1679.8, 2390.2, 36.15, 86.85, 692.25]
[2539.0000000000005, -2539.0000000000005, 9.8, 88.2, 1679.8, 2390.2, 36.15, 86.85, 692.25]
[1757.6, -1757.6, 30.4, 1.6, 800.2, 2349.8, 578.1500000000001, 3129.8500000000004, 996.6500000000001]
[1757.6, -1757.6, 30.4, 1.6, 800.2, 2349.8, 578.1500000000001, 3129.8500000000004, 996.6500000000001]
[1757.6, -1757.6, 30.4, 1.6, 800.2, 2349.8, 578.1500000000001, 3129.8500000000004, 996.6500000000001]
[1757.6, -1757.6, 30.4, 1.6, 800.2, 2349.8, 578.1500000000001, 3129.8500000000004, 996.6500000000001]
[1757.6, -1757.6, 30.4, 1.6, 800.2, 2349.8, 578.1500000000001, 3129.8500000000004, 996.6500000000001]
[1757.6, -1757.6, 30.4, 1.6, 800.2, 2349.8, 578.1500000000001, 3129.8500000000004, 996.6500000000001]
[1757.6, -1757.6, 30.4, 1.6, 800.2, 2349.8, 578.1500000000001, 3129.8500000000004, 996.6500000000001]
[1757.6, -1757.6, 30.4, 1.6, 800.2, 2349.8, 578.1500000000001, 3129.8500000000004, 996.6500000000001]
[1428.6, -1428.6, 158.4, 17.6, 2016.6000000000001, 3675.4, 423.70000000000005, 1787.3000000000002, 1029.75]
[1428.6, -1428.6, 158.4, 17.6, 2016.6000000000001, 3675.4, 423.70000000000005, 1787.3000000000002, 1029.75]
[1428.6, -1428.6, 158.4, 17.6, 2016.6000000000001, 3675.4, 423.70000000000005, 1787.3000000000002, 1029.75]
[1428.6, -1428.6, 158.4, 17.6, 2016.6000000000001, 3675.4, 423.70000000000005, 1787.3000000000002, 1029.75]
[1428.6, -1428.6, 158.4, 17.6, 2016.6000000000001, 3675.4, 423.70000000000005, 1787.3000000000002, 1029.75]
[1428.6, -1428.6, 158.4, 17.6, 2016.6000000000001, 3675.4, 423.70000000000005, 1787.3000000000002, 1029.75]
[1428.6, -1428.6, 158.4, 17.6, 2016.6000000000001, 3675.4, 423.70000000000005, 1787.3000000000002, 1029.75]
[1428.6, -1428.6, 158.4, 17.6, 2016.6000000000001, 3675.4, 423.70000000000005, 1787.3000000000002, 1029.75]
[1799.8500000000001, -1799.8500000000001, 5.55, 31.45, 1332.55, 3073.4500000000003, 114.0, 726.0, 723.1]
[1799.8500000000001, -1799.8500000000001, 5.55, 31.45, 1332.55, 3073.4500000000003, 114.0, 726.0, 723.1]
[1799.8500000000001, -1799.8500000000001, 5.55, 31.45, 1332.55, 3073.4500000000003, 114.0, 726.0, 723.1]
[1799.8500000000001, -1799.8500000000001, 5.55, 31.45, 1332.55, 3073.4500000000003, 114.0, 726.0, 723.1]
[1799.8500000000001, -1799.8500000000001, 5.55, 31.45, 1332.55, 3073.4500000000003, 114.0, 726.0, 723.1]
[1799.8500000000001, -1799.8500000000001, 5.55, 31.45, 1332.55, 3073.4500000000003, 114.0, 726.0, 723.1]
[1799.8500000000001, -1799.8500000000001, 5.55, 31.45, 1332.55, 3073.4500000000003, 114.0, 726.0, 723.1]
[1799.8500000000001, -1799.8500000000001, 5.55, 31.45, 1332.55, 3073.4500000000003, 114.0, 726.0, 723.1]
[2251.85, -2251.85, 292.84999999999997, 22.150000000000002, 1104.8999999999999, 2229.1, 34.849999999999994, 868.15, 1160.1499999999999]
[2251.85, -2251.85, 292.84999999999997, 22.150000000000002, 1104.8999999999999, 2229.1, 34.849999999999994, 868.15, 1160.1499999999999]
[2251.85, -2251.85, 292.84999999999997, 22.150000000000002, 1104.8999999999999, 2229.1, 34.849999999999994, 868.15, 1160.1499999999999]
[2251.85, -2251.85, 292.84999999999997, 22.150000000000002, 1104.8999999999999, 2229.1, 34.849999999999994, 868.15, 1160.1499999999999]
[2251.85, -2251.85, 292.84999999999997, 22.150000000000002, 1104.8999999999999, 2229.1, 34.849999999999994, 868.15, 1160.1499999999999]
[2251.85, -2251.85, 292.84999999999997, 22.150000000000002, 1104.8999999999999, 2229.1, 34.849999999999994, 868.15, 1160.1499999999999]
[2251.85, -2251.85, 292.84999999999997, 22.150000000000002, 1104.8999999999999, 2229.1, 34.849999999999994, 868.15, 1160.1499999999999]
[2251.85, -2251.85, 292.84999999999997, 22.150000000000002, 1104.8999999999999, 2229.1, 34.849999999999994, 868.15, 1160.1499999999999]
