[0.0, 0.0, 0, 0, 0, 0, 0, 0, 0]
[0.0, 0.0, 0, 0, 0, 0, 0, 0, 0]
[0.0, 0.0, 0, 0, 0, 0, 0, 0, 0]
[0.0, 0.0, 0, 0, 0, 0, 0, 0, 0]
[0.0, 0.0, 0, 0, 0, 0, 0, 0, 0]
[0.0, 0.0, 0, 0, 0, 0, 0, 0, 0]
[0.0, 0.0, 0, 0, 0, 0, 0, 0, 0]
[0.0, 0.0, 0, 0, 0, 0, 0, 0, 0]
[0.0, 0.0, 0, 0, 0, 0, 0, 0, 0]
[0.0, 0.0, 0, 0, 0, 0, 0, 0, 0]
[0.0, 0.0, 0, 0, 0, 0, 0, 0, 0]
[0.0, 0.0, 0, 0, 0, 0, 0, 0, 0]
[0.0, 0.0, 0, 0, 0, 0, 0, 0, 0]
[0.0, 0.0, 0, 0, 0, 0, 0, 0, 0]
[0.0, 0.0, 0, 0, 0, 0, 0, 0, 0]
[0.0, 0.0, 0, 0, 0, 0, 0, 0, 0]
[0.0, 0.0, 0, 0, 0, 0, 0, 0, 0]
[0.0, 0.0, 0, 0, 0, 0, 0, 0, 0]
[0.0, 0.0, 0, 0, 0, 0, 0, 0, 0]
[0.0, 0.0, 0, 0, 0, 0, 0, 0, 0]
[0.0, 0.0, 0, 0, 0, 0, 0, 0, 0]
[0.0, 0.0, 0, 0, 0, 0, 0, 0, 0]
[0.0, 0.0, 0, 0, 0, 0, 0, 0, 0]
[0.0, 0.0, 0, 0, 0, 0, 0, 0, 0]
[0.0, 0.0, 0, 0, 0, 0, 0, 0, 0]
[0.0, 0.0, 0, 0, 0, 0, 0, 0, 0]
[0.0, 0.0, 0, 0, 0, 0, 0, 0, 0]
[0.0, 0.0, 0, 0, 0, 0, 0, 0, 0]
[0.0, 0.0, 0, 0, 0, 0, 0, 0, 0]
[0.0, 0.0, 0, 0, 0, 0, 0, 0, 0]
[0.0, 0.0, 0, 0, 0, 0, 0, 0, 0]
[0.0, 0.0, 0, 0, 0, 0, 0, 0, 0]
[0.0, 0.0, 0, 0, 0, 0, 0, 0, 0]
[0.0, 0.0, 0, 0, 0, 0, 0, 0, 0]
[0.0, 0.0, 0, 0, 0, 0, 0, 0, 0]
[0.0, 0.0, 0, 0, 0, 0, 0, 0, 0]
[0.0, 0.0, 0, 0, 0, 0, 0, 0, 0]
[0.0, 0.0, 0, 0, 0, 0, 0, 0, 0]
[0.0, 0.0, 0, 0, 0, 0, 0, 0, 0]
[0.0, 0.0, 0, 0, 0, 0, 0, 0, 0]
[0.0, 0.0, 0, 0, 0, 0, 0, 0, 0]
[0.0, 0.0, 0, 0, 0, 0, 0, 0, 0]
[0.0, 0.0, 0, 0, 0, 0, 0, 0, 0]
[0.0, 0.0, 0, 0, 0, 0, 0, 0, 0]
[0.0, 0.0, 0, 0, 0, 0, 0, 0, 0]
[0.0, 0.0, 0, 0, 0, 0, 0, 0, 0]
[0.0, 0.0, 0, 0, 0, 0, 0, 0, 0]
[0.0, 0.0, 0, 0, 0, 0, 0, 0, 0]
[0.0, 0.0, 0, 0, 0, 0, 0, 0, 0]
[0.0, 0.0, 0, 0, 0, 0, 0, 0, 0]
[0.0, 0.0, 0, 0, 0, 0, 0, 0, 0]
[0.0, 0.0, 0, 0, 0, 0, 0, 0, 0]
[0.0, 0.0, 0, 0, 0, 0, 0, 0, 0]
[0.0, 0.0, 0, 0, 0, 0, 0, 0, 0]
[0.0, 0.0, 0, 0, 0, 0, 0, 0, 0]
[0.0, 0.0, 0, 0, 0, 0, 0, 0, 0]
[0.0, 0.0, 0, 0, 0, 0, 0, 0, 1008.0]
[0.0, 0.0, 0, 0, 0, 0, 0, 0, 1008.0]
[0.0, 0.0, 0, 0, 0, 0, 0, 0, 1008.0]
[0.0, 0.0, 0, 0, 0, 0, 0, 0, 1008.0]
[0.0, 0.0, 0, 0, 0, 0, 0, 0, 1008.0]
[0.0, 0.0, 0, 0, 0, 0, 0, 0, 1008.0]
[0.0, 0.0, 0, 0, 0, 0, 0, 0, 1008.0]
[0.0, 0.0, 0, 0, 0, 0, 0, 0, 1008.0]
[0.0, 0.0, 0, 0, 0, 0, 0, 0, 0]
[0.0, 0.0, 0, 0, 0, 0, 0, 0, 0]
[0.0, 0.0, 0, 0, 0, 0, 0, 0, 0]
[0.0, 0.0, 0, 0, 0, 0, 0, 0, 0]
[0.0, 0.0, 0, 0, 0, 0, 0, 0, 0]
[0.0, 0.0, 0, 0, 0, 0, 0, 0, 0]
[0.0, 0.0, 0, 0, 0, 0, 0, 0, 0]
[0.0, 0.0, 0, 0, 0, 0, 0, 0, 0]
[0.0, 0.0, 0, 0, 0, 0, 0, 0, 4.0]
[0.0, 0.0, 0, 0, 0, 0, 0, 0, 4.0]
[0.0, 0.0, 0, 0, 0, 0, 0, 0, 4.0]
[0.0, 0.0, 0, 0, 0, 0, 0, 0, 4.0]
[0.0, 0.0, 0, 0, 0, 0, 0, 0, 4.0]
[0.0, 0.0, 0, 0, 0, 0, 0, 0, 4.0]
[0.0, 0.0, 0, 0, 0, 0, 0, 0, 4.0]
[0.0, 0.0, 0, 0, 0, 0, 0, 0, 4.0]
[0.0, 0.0, 0, 0, 0, 0, 0, 0, 1016.0]
[0.0, 0.0, 0, 0, 0, 0, 0, 0, 1016.0]
[0.0, 0.0, 0, 0, 0, 0, 0, 0, 1016.0]
[0.0, 0.0, 0, 0, 0, 0, 0, 0, 1016.0]
[0.0, 0.0, 0, 0, 0, 0, 0, 0, 1016.0]
[0.0, 0.0, 0, 0, 0, 0, 0, 0, 1016.0]
[0.0, 0.0, 0, 0, 0, 0, 0, 0, 1016.0]
[0.0, 0.0, 0, 0, 0, 0, 0, 0, 1016.0]
[0.0, 0.0, 0, 0, 0, 0, 0, 0, 12.0]
[0.0, 0.0, 0, 0, 0, 0, 0, 0, 12.0]
[0.0, 0.0, 0, 0, 0, 0, 0, 0, 12.0]
[0.0, 0.0, 0, 0, 0, 0, 0, 0, 12.0]
[0.0, 0.0, 0, 0, 0, 0, 0, 0, 12.0]
[0.0, 0.0, 0, 0, 0, 0, 0, 0, 12.0]
[0.0, 0.0, 0, 0, 0, 0, 0, 0, 12.0]
[0.0, 0.0, 0, 0, 0, 0, 0, 0, 12.0]
[0.0, 0.0, 0, 0, 0, 0, 0, 0, 0]
[0.0, 0.0, 0, 0, 0, 0, 0, 0, 0]
[0.0, 0.0, 0, 0, 0, 0, 0, 0, 0]
[0.0, 0.0, 0, 0, 0, 0, 0, 0, 0]
[0.0, 0.0, 0, 0, 0, 0, 0, 0, 0]
[0.0, 0.0, 0, 0, 0, 0, 0, 0, 0]
[0.0, 0.0, 0, 0, 0, 0, 0, 0, 0]
[0.0, 0.0, 0, 0, 0, 0, 0, 0, 0]
[0.0, 0.0, 0, 0, 0, 0, 0, 0, 4.0]
[0.0, 0.0, 0, 0, 0, 0, 0, 0, 4.0]
[0.0, 0.0, 0, 0, 0, 0, 0, 0, 4.0]
[0.0, 0.0, 0, 0, 0, 0, 0, 0, 4.0]
[0.0, 0.0, 0, 0, 0, 0, 0, 0, 4.0]
[0.0, 0.0, 0, 0, 0, 0, 0, 0, 4.0]
[0.0, 0.0, 0, 0, 0, 0, 0, 0, 4.0]
[0.0, 0.0, 0, 0, 0, 0, 0, 0, 4.0]
[0.0, 0.0, 0, 0, 0, 0, 0, 0, 8.0]
[0.0, 0.0, 0, 0, 0, 0, 0, 0, 8.0]
[0.0, 0.0, 0, 0, 0, 0, 0, 0, 8.0]
[0.0, 0.0, 0, 0, 0, 0, 0, 0, 8.0]
[0.0, 0.0, 0, 0, 0, 0, 0, 0, 8.0]
[0.0, 0.0, 0, 0, 0, 0, 0, 0, 8.0]
[0.0, 0.0, 0, 0, 0, 0, 0, 0, 8.0]
[0.0, 0.0, 0, 0, 0, 0, 0, 0, 8.0]
[0.0, 0.0, 0, 0, 0, 0, 0, 0, 0]
[0.0, 0.0, 0, 0, 0, 0, 0, 0, 0]
[0.0, 0.0, 0, 0, 0, 0, 0, 0, 0]
[0.0, 0.0, 0, 0, 0, 0, 0, 0, 0]
[0.0, 0.0, 0, 0, 0, 0, 0, 0, 0]
[0.0, 0.0, 0, 0, 0, 0, 0, 0, 0]
[0.0, 0.0, 0, 0, 0, 0, 0, 0, 0]
[0.0, 0.0, 0, 0, 0, 0, 0, 0, 0]
[0.0, 0.0, 0, 0, 0, 0, 0, 0, 0]
[0.0, 0.0, 0, 0, 0, 0, 0, 0, 0]
[0.0, 0.0, 0, 0, 0, 0, 0, 0, 0]
[0.0, 0.0, 0, 0, 0, 0, 0, 0, 0]
[0.0, 0.0, 0, 0, 0, 0, 0, 0, 0]
[0.0, 0.0, 0, 0, 0, 0, 0, 0, 0]
[0.0, 0.0, 0, 0, 0, 0, 0, 0, 0]
[0.0, 0.0, 0, 0, 0, 0, 0, 0, 0]
[1.0, -1.0, 0, 0, 0, 0, 0, 0, 0]
[1.0, -1.0, 0, 0, 0, 0, 0, 0, 0]
[1.0, -1.0, 0, 0, 0, 0, 0, 0, 0]
[1.0, -1.0, 0, 0, 0, 0, 0, 0, 0]
[1.0, -1.0, 0, 0, 0, 0, 0, 0, 0]
[1.0, -1.0, 0, 0, 0, 0, 0, 0, 0]
[1.0, -1.0, 0, 0, 0, 0, 0, 0, 0]
[1.0, -1.0, 0, 0, 0, 0, 0, 0, 0]
[0.0, 0.0, 0, 0, 0, 0, 0, 0, 0]
[0.0, 0.0, 0, 0, 0, 0, 0, 0, 0]
[0.0, 0.0, 0, 0, 0, 0, 0, 0, 0]
[0.0, 0.0, 0, 0, 0, 0, 0, 0, 0]
[0.0, 0.0, 0, 0, 0, 0, 0, 0, 0]
[0.0, 0.0, 0, 0, 0, 0, 0, 0, 0]
[0.0, 0.0, 0, 0, 0, 0, 0, 0, 0]
[0.0, 0.0, 0, 0, 0, 0, 0, 0, 0]
[513.0, -513.0, 0, 0, 0, 0, 0, 0, 128.0]
[513.0, -513.0, 0, 0, 0, 0, 0, 0, 128.0]
[513.0, -513.0, 0, 0, 0, 0, 0, 0, 128.0]
[513.0, -513.0, 0, 0, 0, 0, 0, 0, 128.0]
[513.0, -513.0, 0, 0, 0, 0, 0, 0, 128.0]
[513.0, -513.0, 0, 0, 0, 0, 0, 0, 128.0]
[513.0, -513.0, 0, 0, 0, 0, 0, 0, 128.0]
[513.0, -513.0, 0, 0, 0, 0, 0, 0, 128.0]
[256.0, -256.0, 0, 0, 0, 0, 0, 0, 0]
[256.0, -256.0, 0, 0, 0, 0, 0, 0, 0]
[256.0, -256.0, 0, 0, 0, 0, 0, 0, 0]
[256.0, -256.0, 0, 0, 0, 0, 0, 0, 0]
[256.0, -256.0, 0, 0, 0, 0, 0, 0, 0]
[256.0, -256.0, 0, 0, 0, 0, 0, 0, 0]
[256.0, -256.0, 0, 0, 0, 0, 0, 0, 0]
[256.0, -256.0, 0, 0, 0, 0, 0, 0, 0]
[256.0, -256.0, 0, 0, 0, 0, 0, 0, 127.5]
[256.0, -256.0, 0, 0, 0, 0, 0, 0, 127.5]
[256.0, -256.0, 0, 0, 0, 0, 0, 0, 127.5]
[256.0, -256.0, 0, 0, 0, 0, 0, 0, 127.5]
[256.0, -256.0, 0, 0, 0, 0, 0, 0, 127.5]
[256.0, -256.0, 0, 0, 0, 0, 0, 0, 127.5]
[256.0, -256.0, 0, 0, 0, 0, 0, 0, 127.5]
[256.0, -256.0, 0, 0, 0, 0, 0, 0, 127.5]
[512.0, -512.0, 0, 0, 0, 0, 0, 0, 256.0]
[512.0, -512.0, 0, 0, 0, 0, 0, 0, 256.0]
[512.0, -512.0, 0, 0, 0, 0, 0, 0, 256.0]
[512.0, -512.0, 0, 0, 0, 0, 0, 0, 256.0]
[512.0, -512.0, 0, 0, 0, 0, 0, 0, 256.0]
[512.0, -512.0, 0, 0, 0, 0, 0, 0, 256.0]
[512.0, -512.0, 0, 0, 0, 0, 0, 0, 256.0]
[512.0, -512.0, 0, 0, 0, 0, 0, 0, 256.0]
[512.0, -512.0, 0, 0, 0, 0, 0, 0, 255.5]
[512.0, -512.0, 0, 0, 0, 0, 0, 0, 255.5]
[512.0, -512.0, 0, 0, 0, 0, 0, 0, 255.5]
[512.0, -512.0, 0, 0, 0, 0, 0, 0, 255.5]
[512.0, -512.0, 0, 0, 0, 0, 0, 0, 255.5]
[512.0, -512.0, 0, 0, 0, 0, 0, 0, 255.5]
[512.0, -512.0, 0, 0, 0, 0, 0, 0, 255.5]
[512.0, -512.0, 0, 0, 0, 0, 0, 0, 255.5]
[766.0, -766.0, 0, 0, 0.75, 1.25, 0, 0, 127.0]
[766.0, -766.0, 0, 0, 0.75, 1.25, 0, 0, 127.0]
[766.0, -766.0, 0, 0, 0.75, 1.25, 0, 0, 127.0]
[766.0, -766.0, 0, 0, 0.75, 1.25, 0, 0, 127.0]
[766.0, -766.0, 0, 0, 0.75, 1.25, 0, 0, 127.0]
[766.0, -766.0, 0, 0, 0.75, 1.25, 0, 0, 127.0]
[766.0, -766.0, 0, 0, 0.75, 1.25, 0, 0, 127.0]
[766.0, -766.0, 0, 0, 0.75, 1.25, 0, 0, 127.0]
[1021.0, -1021.0, 0, 0, 0, 0, 0, 0, 268.25]
[1021.0, -1021.0, 0, 0, 0, 0, 0, 0, 268.25]
[1021.0, -1021.0, 0, 0, 0, 0, 0, 0, 268.25]
[1021.0, -1021.0, 0, 0, 0, 0, 0, 0, 268.25]
[1021.0, -1021.0, 0, 0, 0, 0, 0, 0, 268.25]
[1021.0, -1021.0, 0, 0, 0, 0, 0, 0, 268.25]
[1021.0, -1021.0, 0, 0, 0, 0, 0, 0, 268.25]
[1021.0, -1021.0, 0, 0, 0, 0, 0, 0, 268.25]
[1018.0, -1018.0, 0, 0, 0, 0, 0, 0, 381.0]
[1018.0, -1018.0, 0, 0, 0, 0, 0, 0, 381.0]
[1018.0, -1018.0, 0, 0, 0, 0, 0, 0, 381.0]
[1018.0, -1018.0, 0, 0, 0, 0, 0, 0, 381.0]
[1018.0, -1018.0, 0, 0, 0, 0, 0, 0, 381.0]
[1018.0, -1018.0, 0, 0, 0, 0, 0, 0, 381.0]
[1018.0, -1018.0, 0, 0, 0, 0, 0, 0, 381.0]
[1018.0, -1018.0, 0, 0, 0, 0, 0, 0, 381.0]
[254.0, -254.0, 0, 0, 0, 0, 0, 0, 144.25]
[254.0, -254.0, 0, 0, 0, 0, 0, 0, 144.25]
[254.0, -254.0, 0, 0, 0, 0, 0, 0, 144.25]
[254.0, -254.0, 0, 0, 0, 0, 0, 0, 144.25]
[254.0, -254.0, 0, 0, 0, 0, 0, 0, 144.25]
[254.0, -254.0, 0, 0, 0, 0, 0, 0, 144.25]
[254.0, -254.0, 0, 0, 0, 0, 0, 0, 144.25]
[254.0, -254.0, 0, 0, 0, 0, 0, 0, 144.25]
[510.0, -510.0, 0, 0, 0.75, 1.25, 0, 0, 0]
[510.0, -510.0, 0, 0, 0.75, 1.25, 0, 0, 0]
[510.0, -510.0, 0, 0, 0.75, 1.25, 0, 0, 0]
[510.0, -510.0, 0, 0, 0.75, 1.25, 0, 0, 0]
[510.0, -510.0, 0, 0, 0.75, 1.25, 0, 0, 0]
[510.0, -510.0, 0, 0, 0.75, 1.25, 0, 0, 0]
[510.0, -510.0, 0, 0, 0.75, 1.25, 0, 0, 0]
[510.0, -510.0, 0, 0, 0.75, 1.25, 0, 0, 0]
[0.0, 0.0, 0, 0, 0, 0, 0, 0, 127.5]
[0.0, 0.0, 0, 0, 0, 0, 0, 0, 127.5]
[0.0, 0.0, 0, 0, 0, 0, 0, 0, 127.5]
[0.0, 0.0, 0, 0, 0, 0, 0, 0, 127.5]
[0.0, 0.0, 0, 0, 0, 0, 0, 0, 127.5]
[0.0, 0.0, 0, 0, 0, 0, 0, 0, 127.5]
[0.0, 0.0, 0, 0, 0, 0, 0, 0, 127.5]
[0.0, 0.0, 0, 0, 0, 0, 0, 0, 127.5]
[510.0, -510.0, 0, 0, 0, 0, 0, 0, 2.0]
[510.0, -510.0, 0, 0, 0, 0, 0, 0, 2.0]
[510.0, -510.0, 0, 0, 0, 0, 0, 0, 2.0]
[510.0, -510.0, 0, 0, 0, 0, 0, 0, 2.0]
[510.0, -510.0, 0, 0, 0, 0, 0, 0, 2.0]
[510.0, -510.0, 0, 0, 0, 0, 0, 0, 2.0]
[510.0, -510.0, 0, 0, 0, 0, 0, 0, 2.0]
[510.0, -510.0, 0, 0, 0, 0, 0, 0, 2.0]
[769.0, -769.0, 0, 0, 0, 0, 0, 0, 408.0]
[769.0, -769.0, 0, 0, 0, 0, 0, 0, 408.0]
[769.0, -769.0, 0, 0, 0, 0, 0, 0, 408.0]
[769.0, -769.0, 0, 0, 0, 0, 0, 0, 408.0]
[769.0, -769.0, 0, 0, 0, 0, 0, 0, 408.0]
[769.0, -769.0, 0, 0, 0, 0, 0, 0, 408.0]
[769.0, -769.0, 0, 0, 0, 0, 0, 0, 408.0]
[769.0, -769.0, 0, 0, 0, 0, 0, 0, 408.0]
[0.0, 0.0, 0, 0, 0, 0, 0, 0, 0]
[0.0, 0.0, 0, 0, 0, 0, 0, 0, 0]
[0.0, 0.0, 0, 0, 0, 0, 0, 0, 0]
[0.0, 0.0, 0, 0, 0, 0, 0, 0, 0]
[0.0, 0.0, 0, 0, 0, 0, 0, 0, 0]
[0.0, 0.0, 0, 0, 0, 0, 0, 0, 0]
[0.0, 0.0, 0, 0, 0, 0, 0, 0, 0]
[0.0, 0.0, 0, 0, 0, 0, 0, 0, 0]
[0.0, 0.0, 0, 0, 0, 0, 0, 0, 255.5]
[0.0, 0.0, 0, 0, 0, 0, 0, 0, 255.5]
[0.0, 0.0, 0, 0, 0, 0, 0, 0, 255.5]
[0.0, 0.0, 0, 0, 0, 0, 0, 0, 255.5]
[0.0, 0.0, 0, 0, 0, 0, 0, 0, 255.5]
[0.0, 0.0, 0, 0, 0, 0, 0, 0, 255.5]
[0.0, 0.0, 0, 0, 0, 0, 0, 0, 255.5]
[0.0, 0.0, 0, 0, 0, 0, 0, 0, 255.5]
[256.0, -256.0, 0, 0, 0, 0, 0, 0, 382.0]
[256.0, -256.0, 0, 0, 0, 0, 0, 0, 382.0]
[256.0, -256.0, 0, 0, 0, 0, 0, 0, 382.0]
[256.0, -256.0, 0, 0, 0, 0, 0, 0, 382.0]
[256.0, -256.0, 0, 0, 0, 0, 0, 0, 382.0]
[256.0, -256.0, 0, 0, 0, 0, 0, 0, 382.0]
[256.0, -256.0, 0, 0, 0, 0, 0, 0, 382.0]
[256.0, -256.0, 0, 0, 0, 0, 0, 0, 382.0]
[1024.0, -1024.0, 0, 0, 287.2, 430.8, 0, 0, 267.65]
[1024.0, -1024.0, 0, 0, 287.2, 430.8, 0, 0, 267.65]
[1024.0, -1024.0, 0, 0, 287.2, 430.8, 0, 0, 267.65]
[1024.0, -1024.0, 0, 0, 287.2, 430.8, 0, 0, 267.65]
[1024.0, -1024.0, 0, 0, 287.2, 430.8, 0, 0, 267.65]
[1024.0, -1024.0, 0, 0, 287.2, 430.8, 0, 0, 267.65]
[1024.0, -1024.0, 0, 0, 287.2, 430.8, 0, 0, 267.65]
[1024.0, -1024.0, 0, 0, 287.2, 430.8, 0, 0, 267.65]
[769.0, -769.0, 0, 0, 270.0, 450.0, 0, 0, 0.5]
[769.0, -769.0, 0, 0, 270.0, 450.0, 0, 0, 0.5]
[769.0, -769.0, 0, 0, 270.0, 450.0, 0, 0, 0.5]
[769.0, -769.0, 0, 0, 270.0, 450.0, 0, 0, 0.5]
[769.0, -769.0, 0, 0, 270.0, 450.0, 0, 0, 0.5]
[769.0, -769.0, 0, 0, 270.0, 450.0, 0, 0, 0.5]
[769.0, -769.0, 0, 0, 270.0, 450.0, 0, 0, 0.5]
[769.0, -769.0, 0, 0, 270.0, 450.0, 0, 0, 0.5]
[513.0, -513.0, 0, 0, 287.2, 430.8, 0, 0, 126.5]
[513.0, -513.0, 0, 0, 287.2, 430.8, 0, 0, 126.5]
[513.0, -513.0, 0, 0, 287.2, 430.8, 0, 0, 126.5]
[513.0, -513.0, 0, 0, 287.2, 430.8, 0, 0, 126.5]
[513.0, -513.0, 0, 0, 287.2, 430.8, 0, 0, 126.5]
[513.0, -513.0, 0, 0, 287.2, 430.8, 0, 0, 126.5]
[513.0, -513.0, 0, 0, 287.2, 430.8, 0, 0, 126.5]
[513.0, -513.0, 0, 0, 287.2, 430.8, 0, 0, 126.5]
[1023.0, -1023.0, 0, 0, 0, 0, 0, 0, 139.15]
[1023.0, -1023.0, 0, 0, 0, 0, 0, 0, 139.15]
[1023.0, -1023.0, 0, 0, 0, 0, 0, 0, 139.15]
[1023.0, -1023.0, 0, 0, 0, 0, 0, 0, 139.15]
[1023.0, -1023.0, 0, 0, 0, 0, 0, 0, 139.15]
[1023.0, -1023.0, 0, 0, 0, 0, 0, 0, 139.15]
[1023.0, -1023.0, 0, 0, 0, 0, 0, 0, 139.15]
[1023.0, -1023.0, 0, 0, 0, 0, 0, 0, 139.15]
[512.0, -512.0, 0, 0, 0, 0, 0, 0, 383.0]
[512.0, -512.0, 0, 0, 0, 0, 0, 0, 383.0]
[512.0, -512.0, 0, 0, 0, 0, 0, 0, 383.0]
[512.0, -512.0, 0, 0, 0, 0, 0, 0, 383.0]
[512.0, -512.0, 0, 0, 0, 0, 0, 0, 383.0]
[512.0, -512.0, 0, 0, 0, 0, 0, 0, 383.0]
[512.0, -512.0, 0, 0, 0, 0, 0, 0, 383.0]
[512.0, -512.0, 0, 0, 0, 0, 0, 0, 383.0]
[512.0, -512.0, 0, 0, 270.0, 450.0, 0, 0, 0]
[512.0, -512.0, 0, 0, 270.0, 450.0, 0, 0, 0]
[512.0, -512.0, 0, 0, 270.0, 450.0, 0, 0, 0]
[512.0, -512.0, 0, 0, 270.0, 450.0, 0, 0, 0]
[512.0, -512.0, 0, 0, 270.0, 450.0, 0, 0, 0]
[512.0, -512.0, 0, 0, 270.0, 450.0, 0, 0, 0]
[512.0, -512.0, 0, 0, 270.0, 450.0, 0, 0, 0]
[512.0, -512.0, 0, 0, 270.0, 450.0, 0, 0, 0]
[766.0, -766.0, 0, 0, 0, 0, 0, 0, 406.9]
[766.0, -766.0, 0, 0, 0, 0, 0, 0, 406.9]
[766.0, -766.0, 0, 0, 0, 0, 0, 0, 406.9]
[766.0, -766.0, 0, 0, 0, 0, 0, 0, 406.9]
[766.0, -766.0, 0, 0, 0, 0, 0, 0, 406.9]
[766.0, -766.0, 0, 0, 0, 0, 0, 0, 406.9]
[766.0, -766.0, 0, 0, 0, 0, 0, 0, 406.9]
[766.0, -766.0, 0, 0, 0, 0, 0, 0, 406.9]
[1278.0, -1278.0, 0, 0, 0, 0, 0, 0, 253.5]
[1278.0, -1278.0, 0, 0, 0, 0, 0, 0, 253.5]
[1278.0, -1278.0, 0, 0, 0, 0, 0, 0, 253.5]
[1278.0, -1278.0, 0, 0, 0, 0, 0, 0, 253.5]
[1278.0, -1278.0, 0, 0, 0, 0, 0, 0, 253.5]
[1278.0, -1278.0, 0, 0, 0, 0, 0, 0, 253.5]
[1278.0, -1278.0, 0, 0, 0, 0, 0, 0, 253.5]
[1278.0, -1278.0, 0, 0, 0, 0, 0, 0, 253.5]
[254.0, -254.0, 0, 0, 0, 0, 0, 0, 271.75]
[254.0, -254.0, 0, 0, 0, 0, 0, 0, 271.75]
[254.0, -254.0, 0, 0, 0, 0, 0, 0, 271.75]
[254.0, -254.0, 0, 0, 0, 0, 0, 0, 271.75]
[254.0, -254.0, 0, 0, 0, 0, 0, 0, 271.75]
[254.0, -254.0, 0, 0, 0, 0, 0, 0, 271.75]
[254.0, -254.0, 0, 0, 0, 0, 0, 0, 271.75]
[254.0, -254.0, 0, 0, 0, 0, 0, 0, 271.75]
[767.0, -767.0, 0, 0, 0, 0, 0, 0, 0]
[767.0, -767.0, 0, 0, 0, 0, 0, 0, 0]
[767.0, -767.0, 0, 0, 0, 0, 0, 0, 0]
[767.0, -767.0, 0, 0, 0, 0, 0, 0, 0]
[767.0, -767.0, 0, 0, 0, 0, 0, 0, 0]
[767.0, -767.0, 0, 0, 0, 0, 0, 0, 0]
[767.0, -767.0, 0, 0, 0, 0, 0, 0, 0]
[767.0, -767.0, 0, 0, 0, 0, 0, 0, 0]
[256.0, -256.0, 0, 0, 0, 0, 0, 0, 0.5]
[256.0, -256.0, 0, 0, 0, 0, 0, 0, 0.5]
[256.0, -256.0, 0, 0, 0, 0, 0, 0, 0.5]
[256.0, -256.0, 0, 0, 0, 0, 0, 0, 0.5]
[256.0, -256.0, 0, 0, 0, 0, 0, 0, 0.5]
[256.0, -256.0, 0, 0, 0, 0, 0, 0, 0.5]
[256.0, -256.0, 0, 0, 0, 0, 0, 0, 0.5]
[256.0, -256.0, 0, 0, 0, 0, 0, 0, 0.5]
[513.0, -513.0, 0, 0, 0, 0, 0, 0, 128.5]
[513.0, -513.0, 0, 0, 0, 0, 0, 0, 128.5]
[513.0, -513.0, 0, 0, 0, 0, 0, 0, 128.5]
[513.0, -513.0, 0, 0, 0, 0, 0, 0, 128.5]
[513.0, -513.0, 0, 0, 0, 0, 0, 0, 128.5]
[513.0, -513.0, 0, 0, 0, 0, 0, 0, 128.5]
[513.0, -513.0, 0, 0, 0, 0, 0, 0, 128.5]
[513.0, -513.0, 0, 0, 0, 0, 0, 0, 128.5]
[512.0, -512.0, 0, 0, 287.2, 430.8, 0, 0, 140.25]
[512.0, -512.0, 0, 0, 287.2, 430.8, 0, 0, 140.25]
[512.0, -512.0, 0, 0, 287.2, 430.8, 0, 0, 140.25]
[512.0, -512.0, 0, 0, 287.2, 430.8, 0, 0, 140.25]
[512.0, -512.0, 0, 0, 287.2, 430.8, 0, 0, 140.25]
[512.0, -512.0, 0, 0, 287.2, 430.8, 0, 0, 140.25]
[512.0, -512.0, 0, 0, 287.2, 430.8, 0, 0, 140.25]
[512.0, -512.0, 0, 0, 287.2, 430.8, 0, 0, 140.25]
[0.0, 0.0, 0, 0, 0, 0, 0, 0, 0]
[0.0, 0.0, 0, 0, 0, 0, 0, 0, 0]
[0.0, 0.0, 0, 0, 0, 0, 0, 0, 0]
[0.0, 0.0, 0, 0, 0, 0, 0, 0, 0]
[0.0, 0.0, 0, 0, 0, 0, 0, 0, 0]
[0.0, 0.0, 0, 0, 0, 0, 0, 0, 0]
[0.0, 0.0, 0, 0, 0, 0, 0, 0, 0]
[0.0, 0.0, 0, 0, 0, 0, 0, 0, 0]
[255.0, -255.0, 0, 0, 0, 0, 0, 0, 0]
[255.0, -255.0, 0, 0, 0, 0, 0, 0, 0]
[255.0, -255.0, 0, 0, 0, 0, 0, 0, 0]
[255.0, -255.0, 0, 0, 0, 0, 0, 0, 0]
[255.0, -255.0, 0, 0, 0, 0, 0, 0, 0]
[255.0, -255.0, 0, 0, 0, 0, 0, 0, 0]
[255.0, -255.0, 0, 0, 0, 0, 0, 0, 0]
[255.0, -255.0, 0, 0, 0, 0, 0, 0, 0]
[511.0, -511.0, 0, 0, 0, 0, 0, 0, 255.0]
[511.0, -511.0, 0, 0, 0, 0, 0, 0, 255.0]
[511.0, -511.0, 0, 0, 0, 0, 0, 0, 255.0]
[511.0, -511.0, 0, 0, 0, 0, 0, 0, 255.0]
[511.0, -511.0, 0, 0, 0, 0, 0, 0, 255.0]
[511.0, -511.0, 0, 0, 0, 0, 0, 0, 255.0]
[511.0, -511.0, 0, 0, 0, 0, 0, 0, 255.0]
[511.0, -511.0, 0, 0, 0, 0, 0, 0, 255.0]
[517.0, -517.0, 0, 0, 287.2, 430.8, 0, 0, 128.5]
[517.0, -517.0, 0, 0, 287.2, 430.8, 0, 0, 128.5]
[517.0, -517.0, 0, 0, 287.2, 430.8, 0, 0, 128.5]
[517.0, -517.0, 0, 0, 287.2, 430.8, 0, 0, 128.5]
[517.0, -517.0, 0, 0, 287.2, 430.8, 0, 0, 128.5]
[517.0, -517.0, 0, 0, 287.2, 430.8, 0, 0, 128.5]
[517.0, -517.0, 0, 0, 287.2, 430.8, 0, 0, 128.5]
[517.0, -517.0, 0, 0, 287.2, 430.8, 0, 0, 128.5]
[515.0, -515.0, 0, 0, 270.0, 450.0, 0, 0, 128.0]
[515.0, -515.0, 0, 0, 270.0, 450.0, 0, 0, 128.0]
[515.0, -515.0, 0, 0, 270.0, 450.0, 0, 0, 128.0]
[515.0, -515.0, 0, 0, 270.0, 450.0, 0, 0, 128.0]
[515.0, -515.0, 0, 0, 270.0, 450.0, 0, 0, 128.0]
[515.0, -515.0, 0, 0, 270.0, 450.0, 0, 0, 128.0]
[515.0, -515.0, 0, 0, 270.0, 450.0, 0, 0, 128.0]
[515.0, -515.0, 0, 0, 270.0, 450.0, 0, 0, 128.0]
[513.0, -513.0, 0, 0, 287.2, 430.8, 0, 0, 127.0]
[513.0, -513.0, 0, 0, 287.2, 430.8, 0, 0, 127.0]
[513.0, -513.0, 0, 0, 287.2, 430.8, 0, 0, 127.0]
[513.0, -513.0, 0, 0, 287.2, 430.8, 0, 0, 127.0]
[513.0, -513.0, 0, 0, 287.2, 430.8, 0, 0, 127.0]
[513.0, -513.0, 0, 0, 287.2, 430.8, 0, 0, 127.0]
[513.0, -513.0, 0, 0, 287.2, 430.8, 0, 0, 127.0]
[513.0, -513.0, 0, 0, 287.2, 430.8, 0, 0, 127.0]
[261.0, -261.0, 0, 0, 0, 0, 0, 0, 268.1]
[261.0, -261.0, 0, 0, 0, 0, 0, 0, 268.1]
[261.0, -261.0, 0, 0, 0, 0, 0, 0, 268.1]
[261.0, -261.0, 0, 0, 0, 0, 0, 0, 268.1]
[261.0, -261.0, 0, 0, 0, 0, 0, 0, 268.1]
[261.0, -261.0, 0, 0, 0, 0, 0, 0, 268.1]
[261.0, -261.0, 0, 0, 0, 0, 0, 0, 268.1]
[261.0, -261.0, 0, 0, 0, 0, 0, 0, 268.1]
[8.0, -8.0, 0, 0, 0, 0, 0, 0, 520.1]
[8.0, -8.0, 0, 0, 0, 0, 0, 0, 520.1]
[8.0, -8.0, 0, 0, 0, 0, 0, 0, 520.1]
[8.0, -8.0, 0, 0, 0, 0, 0, 0, 520.1]
[8.0, -8.0, 0, 0, 0, 0, 0, 0, 520.1]
[8.0, -8.0, 0, 0, 0, 0, 0, 0, 520.1]
[8.0, -8.0, 0, 0, 0, 0, 0, 0, 520.1]
[8.0, -8.0, 0, 0, 0, 0, 0, 0, 520.1]
[771.0, -771.0, 0, 0, 270.0, 450.0, 0, 0, 639.9]
[771.0, -771.0, 0, 0, 270.0, 450.0, 0, 0, 639.9]
[771.0, -771.0, 0, 0, 270.0, 450.0, 0, 0, 639.9]
[771.0, -771.0, 0, 0, 270.0, 450.0, 0, 0, 639.9]
[771.0, -771.0, 0, 0, 270.0, 450.0, 0, 0, 639.9]
[771.0, -771.0, 0, 0, 270.0, 450.0, 0, 0, 639.9]
[771.0, -771.0, 0, 0, 270.0, 450.0, 0, 0, 639.9]
[771.0, -771.0, 0, 0, 270.0, 450.0, 0, 0, 639.9]
[767.0, -767.0, 0, 0, 0, 0, 0, 0, 942.6]
[767.0, -767.0, 0, 0, 0, 0, 0, 0, 942.6]
[767.0, -767.0, 0, 0, 0, 0, 0, 0, 942.6]
[767.0, -767.0, 0, 0, 0, 0, 0, 0, 942.6]
[767.0, -767.0, 0, 0, 0, 0, 0, 0, 942.6]
[767.0, -767.0, 0, 0, 0, 0, 0, 0, 942.6]
[767.0, -767.0, 0, 0, 0, 0, 0, 0, 942.6]
[767.0, -767.0, 0, 0, 0, 0, 0, 0, 942.6]
[560.6999999999999, -560.6999999999999, 0, 0, 267.75, 446.25, 0, 0, 608.85]
[560.6999999999999, -560.6999999999999, 0, 0, 267.75, 446.25, 0, 0, 608.85]
[560.6999999999999, -560.6999999999999, 0, 0, 267.75, 446.25, 0, 0, 608.85]
[560.6999999999999, -560.6999999999999, 0, 0, 267.75, 446.25, 0, 0, 608.85]
[560.6999999999999, -560.6999999999999, 0, 0, 267.75, 446.25, 0, 0, 608.85]
[560.6999999999999, -560.6999999999999, 0, 0, 267.75, 446.25, 0, 0, 608.85]
[560.6999999999999, -560.6999999999999, 0, 0, 267.75, 446.25, 0, 0, 608.85]
[560.6999999999999, -560.6999999999999, 0, 0, 267.75, 446.25, 0, 0, 608.85]
[530.0, -530.0, 0, 0, 0, 0, 0, 0, 946.55]
[530.0, -530.0, 0, 0, 0, 0, 0, 0, 946.55]
[530.0, -530.0, 0, 0, 0, 0, 0, 0, 946.55]
[530.0, -530.0, 0, 0, 0, 0, 0, 0, 946.55]
[530.0, -530.0, 0, 0, 0, 0, 0, 0, 946.55]
[530.0, -530.0, 0, 0, 0, 0, 0, 0, 946.55]
[530.0, -530.0, 0, 0, 0, 0, 0, 0, 946.55]
[530.0, -530.0, 0, 0, 0, 0, 0, 0, 946.55]
[314.0, -314.0, 43.5, 14.5, 267.75, 446.25, 0, 0, 397.75]
[314.0, -314.0, 43.5, 14.5, 267.75, 446.25, 0, 0, 397.75]
[314.0, -314.0, 43.5, 14.5, 267.75, 446.25, 0, 0, 397.75]
[314.0, -314.0, 43.5, 14.5, 267.75, 446.25, 0, 0, 397.75]
[314.0, -314.0, 43.5, 14.5, 267.75, 446.25, 0, 0, 397.75]
[314.0, -314.0, 43.5, 14.5, 267.75, 446.25, 0, 0, 397.75]
[314.0, -314.0, 43.5, 14.5, 267.75, 446.25, 0, 0, 397.75]
[314.0, -314.0, 43.5, 14.5, 267.75, 446.25, 0, 0, 397.75]
[1052.0, -1052.0, 0, 0, 269.25, 448.75, 0, 0, 714.9]
[1052.0, -1052.0, 0, 0, 269.25, 448.75, 0, 0, 714.9]
[1052.0, -1052.0, 0, 0, 269.25, 448.75, 0, 0, 714.9]
[1052.0, -1052.0, 0, 0, 269.25, 448.75, 0, 0, 714.9]
[1052.0, -1052.0, 0, 0, 269.25, 448.75, 0, 0, 714.9]
[1052.0, -1052.0, 0, 0, 269.25, 448.75, 0, 0, 714.9]
[1052.0, -1052.0, 0, 0, 269.25, 448.75, 0, 0, 714.9]
[1052.0, -1052.0, 0, 0, 269.25, 448.75, 0, 0, 714.9]
[324.7, -324.7, 0, 0, 0, 0, 0, 0, 613.6]
[324.7, -324.7, 0, 0, 0, 0, 0, 0, 613.6]
[324.7, -324.7, 0, 0, 0, 0, 0, 0, 613.6]
[324.7, -324.7, 0, 0, 0, 0, 0, 0, 613.6]
[324.7, -324.7, 0, 0, 0, 0, 0, 0, 613.6]
[324.7, -324.7, 0, 0, 0, 0, 0, 0, 613.6]
[324.7, -324.7, 0, 0, 0, 0, 0, 0, 613.6]
[324.7, -324.7, 0, 0, 0, 0, 0, 0, 613.6]
[526.0, -526.0, 32.3, 5.7, 554.95, 877.05, 0, 0, 672.05]
[526.0, -526.0, 32.3, 5.7, 554.95, 877.05, 0, 0, 672.05]
[526.0, -526.0, 32.3, 5.7, 554.95, 877.05, 0, 0, 672.05]
[526.0, -526.0, 32.3, 5.7, 554.95, 877.05, 0, 0, 672.05]
[526.0, -526.0, 32.3, 5.7, 554.95, 877.05, 0, 0, 672.05]
[526.0, -526.0, 32.3, 5.7, 554.95, 877.05, 0, 0, 672.05]
[526.0, -526.0, 32.3, 5.7, 554.95, 877.05, 0, 0, 672.05]
[526.0, -526.0, 32.3, 5.7, 554.95, 877.05, 0, 0, 672.05]
[0.0, 0.0, 0, 0, 0, 0, 0, 0, 0]
[0.0, 0.0, 0, 0, 0, 0, 0, 0, 0]
[0.0, 0.0, 0, 0, 0, 0, 0, 0, 0]
[0.0, 0.0, 0, 0, 0, 0, 0, 0, 0]
[0.0, 0.0, 0, 0, 0, 0, 0, 0, 0]
[0.0, 0.0, 0, 0, 0, 0, 0, 0, 0]
[0.0, 0.0, 0, 0, 0, 0, 0, 0, 0]
[0.0, 0.0, 0, 0, 0, 0, 0, 0, 0]
[0.0, 0.0, 0, 0, 0, 0, 0, 0, 128.0]
[0.0, 0.0, 0, 0, 0, 0, 0, 0, 128.0]
[0.0, 0.0, 0, 0, 0, 0, 0, 0, 128.0]
[0.0, 0.0, 0, 0, 0, 0, 0, 0, 128.0]
[0.0, 0.0, 0, 0, 0, 0, 0, 0, 128.0]
[0.0, 0.0, 0, 0, 0, 0, 0, 0, 128.0]
[0.0, 0.0, 0, 0, 0, 0, 0, 0, 128.0]
[0.0, 0.0, 0, 0, 0, 0, 0, 0, 128.0]
[6.0, -6.0, 0, 0, 0, 0, 0, 0, 255.0]
[6.0, -6.0, 0, 0, 0, 0, 0, 0, 255.0]
[6.0, -6.0, 0, 0, 0, 0, 0, 0, 255.0]
[6.0, -6.0, 0, 0, 0, 0, 0, 0, 255.0]
[6.0, -6.0, 0, 0, 0, 0, 0, 0, 255.0]
[6.0, -6.0, 0, 0, 0, 0, 0, 0, 255.0]
[6.0, -6.0, 0, 0, 0, 0, 0, 0, 255.0]
[6.0, -6.0, 0, 0, 0, 0, 0, 0, 255.0]
[775.0, -775.0, 0, 0, 287.2, 430.8, 0, 0, 0]
[775.0, -775.0, 0, 0, 287.2, 430.8, 0, 0, 0]
[775.0, -775.0, 0, 0, 287.2, 430.8, 0, 0, 0]
[775.0, -775.0, 0, 0, 287.2, 430.8, 0, 0, 0]
[775.0, -775.0, 0, 0, 287.2, 430.8, 0, 0, 0]
[775.0, -775.0, 0, 0, 287.2, 430.8, 0, 0, 0]
[775.0, -775.0, 0, 0, 287.2, 430.8, 0, 0, 0]
[775.0, -775.0, 0, 0, 287.2, 430.8, 0, 0, 0]
[657.45, -657.45, 44.0, 132.0, 270.0, 450.0, 0, 0, 128.5]
[657.45, -657.45, 44.0, 132.0, 270.0, 450.0, 0, 0, 128.5]
[657.45, -657.45, 44.0, 132.0, 270.0, 450.0, 0, 0, 128.5]
[657.45, -657.45, 44.0, 132.0, 270.0, 450.0, 0, 0, 128.5]
[657.45, -657.45, 44.0, 132.0, 270.0, 450.0, 0, 0, 128.5]
[657.45, -657.45, 44.0, 132.0, 270.0, 450.0, 0, 0, 128.5]
[657.45, -657.45, 44.0, 132.0, 270.0, 450.0, 0, 0, 128.5]
[657.45, -657.45, 44.0, 132.0, 270.0, 450.0, 0, 0, 128.5]
[584.85, -584.85, 42.5, 7.5, 315.25, 776.75, 224.1, 522.9, 318.70000000000005]
[584.85, -584.85, 42.5, 7.5, 315.25, 776.75, 224.1, 522.9, 318.70000000000005]
[584.85, -584.85, 42.5, 7.5, 315.25, 776.75, 224.1, 522.9, 318.70000000000005]
[584.85, -584.85, 42.5, 7.5, 315.25, 776.75, 224.1, 522.9, 318.70000000000005]
[584.85, -584.85, 42.5, 7.5, 315.25, 776.75, 224.1, 522.9, 318.70000000000005]
[584.85, -584.85, 42.5, 7.5, 315.25, 776.75, 224.1, 522.9, 318.70000000000005]
[584.85, -584.85, 42.5, 7.5, 315.25, 776.75, 224.1, 522.9, 318.70000000000005]
[584.85, -584.85, 42.5, 7.5, 315.25, 776.75, 224.1, 522.9, 318.70000000000005]
[1505.1, -1505.1, 44.0, 132.0, 0, 0, 224.1, 522.9, 578.2]
[1505.1, -1505.1, 44.0, 132.0, 0, 0, 224.1, 522.9, 578.2]
[1505.1, -1505.1, 44.0, 132.0, 0, 0, 224.1, 522.9, 578.2]
[1505.1, -1505.1, 44.0, 132.0, 0, 0, 224.1, 522.9, 578.2]
[1505.1, -1505.1, 44.0, 132.0, 0, 0, 224.1, 522.9, 578.2]
[1505.1, -1505.1, 44.0, 132.0, 0, 0, 224.1, 522.9, 578.2]
[1505.1, -1505.1, 44.0, 132.0, 0, 0, 224.1, 522.9, 578.2]
[1505.1, -1505.1, 44.0, 132.0, 0, 0, 224.1, 522.9, 578.2]
[1137.25, -1137.25, 42.5, 7.5, 260.25, 433.75, 0, 0, 764.1]
[1137.25, -1137.25, 42.5, 7.5, 260.25, 433.75, 0, 0, 764.1]
[1137.25, -1137.25, 42.5, 7.5, 260.25, 433.75, 0, 0, 764.1]
[1137.25, -1137.25, 42.5, 7.5, 260.25, 433.75, 0, 0, 764.1]
[1137.25, -1137.25, 42.5, 7.5, 260.25, 433.75, 0, 0, 764.1]
[1137.25, -1137.25, 42.5, 7.5, 260.25, 433.75, 0, 0, 764.1]
[1137.25, -1137.25, 42.5, 7.5, 260.25, 433.75, 0, 0, 764.1]
[1137.25, -1137.25, 42.5, 7.5, 260.25, 433.75, 0, 0, 764.1]
[1271.1, -1271.1, 44.0, 132.0, 472.29999999999995, 825.7, 144.2, 473.79999999999995, 315.5]
[1271.1, -1271.1, 44.0, 132.0, 472.29999999999995, 825.7, 144.2, 473.79999999999995, 315.5]
[1271.1, -1271.1, 44.0, 132.0, 472.29999999999995, 825.7, 144.2, 473.79999999999995, 315.5]
[1271.1, -1271.1, 44.0, 132.0, 472.29999999999995, 825.7, 144.2, 473.79999999999995, 315.5]
[1271.1, -1271.1, 44.0, 132.0, 472.29999999999995, 825.7, 144.2, 473.79999999999995, 315.5]
[1271.1, -1271.1, 44.0, 132.0, 472.29999999999995, 825.7, 144.2, 473.79999999999995, 315.5]
[1271.1, -1271.1, 44.0, 132.0, 472.29999999999995, 825.7, 144.2, 473.79999999999995, 315.5]
[1271.1, -1271.1, 44.0, 132.0, 472.29999999999995, 825.7, 144.2, 473.79999999999995, 315.5]
[1292.05, -1292.05, 179.1, 19.900000000000002, 476.15, 835.85, 0, 0, 774.45]
[1292.05, -1292.05, 179.1, 19.900000000000002, 476.15, 835.85, 0, 0, 774.45]
[1292.05, -1292.05, 179.1, 19.900000000000002, 476.15, 835.85, 0, 0, 774.45]
[1292.05, -1292.05, 179.1, 19.900000000000002, 476.15, 835.85, 0, 0, 774.45]
[1292.05, -1292.05, 179.1, 19.900000000000002, 476.15, 835.85, 0, 0, 774.45]
[1292.05, -1292.05, 179.1, 19.900000000000002, 476.15, 835.85, 0, 0, 774.45]
[1292.05, -1292.05, 179.1, 19.900000000000002, 476.15, 835.85, 0, 0, 774.45]
[1292.05, -1292.05, 179.1, 19.900000000000002, 476.15, 835.85, 0, 0, 774.45]
[1386.3999999999999, -1386.3999999999999, 11.700000000000001, 1.3, 1071.1, 1738.9, 344.7, 1206.3, 330.20000000000005]
[1386.3999999999999, -1386.3999999999999, 11.700000000000001, 1.3, 1071.1, 1738.9, 344.7, 1206.3, 330.20000000000005]
[1386.3999999999999, -1386.3999999999999, 11.700000000000001, 1.3, 1071.1, 1738.9, 344.7, 1206.3, 330.20000000000005]
[1386.3999999999999, -1386.3999999999999, 11.700000000000001, 1.3, 1071.1, 1738.9, 344.7, 1206.3, 330.20000000000005]
[1386.3999999999999, -1386.3999999999999, 11.700000000000001, 1.3, 1071.1, 1738.9, 344.7, 1206.3, 330.20000000000005]
[1386.3999999999999, -1386.3999999999999, 11.700000000000001, 1.3, 1071.1, 1738.9, 344.7, 1206.3, 330.20000000000005]
[1386.3999999999999, -1386.3999999999999, 11.700000000000001, 1.3, 1071.1, 1738.9, 344.7, 1206.3, 330.20000000000005]
[1386.3999999999999, -1386.3999999999999, 11.700000000000001, 1.3, 1071.1, 1738.9, 344.7, 1206.3, 330.20000000000005]
[482.9, -482.9, 81.5, 32.5, 917.65, 1550.35, 0, 0, 635.45]
[482.9, -482.9, 81.5, 32.5, 917.65, 1550.35, 0, 0, 635.45]
[482.9, -482.9, 81.5, 32.5, 917.65, 1550.35, 0, 0, 635.45]
[482.9, -482.9, 81.5, 32.5, 917.65, 1550.35, 0, 0, 635.45]
[482.9, -482.9, 81.5, 32.5, 917.65, 1550.35, 0, 0, 635.45]
[482.9, -482.9, 81.5, 32.5, 917.65, 1550.35, 0, 0, 635.45]
[482.9, -482.9, 81.5, 32.5, 917.65, 1550.35, 0, 0, 635.45]
[482.9, -482.9, 81.5, 32.5, 917.65, 1550.35, 0, 0, 635.45]
[483.9, -483.9, 57.550000000000004, 168.45000000000002, 726.35, 1345.65, 0, 0, 1109.3500000000001]
[483.9, -483.9, 57.550000000000004, 168.45000000000002, 726.35, 1345.65, 0, 0, 1109.3500000000001]
[483.9, -483.9, 57.550000000000004, 168.45000000000002, 726.35, 1345.65, 0, 0, 1109.3500000000001]
[483.9, -483.9, 57.550000000000004, 168.45000000000002, 726.35, 1345.65, 0, 0, 1109.3500000000001]
[483.9, -483.9, 57.550000000000004, 168.45000000000002, 726.35, 1345.65, 0, 0, 1109.3500000000001]
[483.9, -483.9, 57.550000000000004, 168.45000000000002, 726.35, 1345.65, 0, 0, 1109.3500000000001]
[483.9, -483.9, 57.550000000000004, 168.45000000000002, 726.35, 1345.65, 0, 0, 1109.3500000000001]
[483.9, -483.9, 57.550000000000004, 168.45000000000002, 726.35, 1345.65, 0, 0, 1109.3500000000001]
[324.00000000000006, -324.00000000000006, 23.05, 85.94999999999999, 1054.75, 2235.25, 28.0, 56.0, 483.55]
[324.00000000000006, -324.00000000000006, 23.05, 85.94999999999999, 1054.75, 2235.25, 28.0, 56.0, 483.55]
[324.00000000000006, -324.00000000000006, 23.05, 85.94999999999999, 1054.75, 2235.25, 28.0, 56.0, 483.55]
[324.00000000000006, -324.00000000000006, 23.05, 85.94999999999999, 1054.75, 2235.25, 28.0, 56.0, 483.55]
[324.00000000000006, -324.00000000000006, 23.05, 85.94999999999999, 1054.75, 2235.25, 28.0, 56.0, 483.55]
[324.00000000000006, -324.00000000000006, 23.05, 85.94999999999999, 1054.75, 2235.25, 28.0, 56.0, 483.55]
[324.00000000000006, -324.00000000000006, 23.05, 85.94999999999999, 1054.75, 2235.25, 28.0, 56.0, 483.55]
[324.00000000000006, -324.00000000000006, 23.05, 85.94999999999999, 1054.75, 2235.25, 28.0, 56.0, 483.55]
[1917.35, -1917.35, 13.85, 39.15, 784.55, 1163.4499999999998, 0, 0, 405.9]
[1917.35, -1917.35, 13.85, 39.15, 784.55, 1163.4499999999998, 0, 0, 405.9]
[1917.35, -1917.35, 13.85, 39.15, 784.55, 1163.4499999999998, 0, 0, 405.9]
[1917.35, -1917.35, 13.85, 39.15, 784.55, 1163.4499999999998, 0, 0, 405.9]
[1917.35, -1917.35, 13.85, 39.15, 784.55, 1163.4499999999998, 0, 0, 405.9]
[1917.35, -1917.35, 13.85, 39.15, 784.55, 1163.4499999999998, 0, 0, 405.9]
[1917.35, -1917.35, 13.85, 39.15, 784.55, 1163.4499999999998, 0, 0, 405.9]
[1917.35, -1917.35, 13.85, 39.15, 784.55, 1163.4499999999998, 0, 0, 405.9]
[1088.75, -1088.75, 191.0, 48.0, 799.95, 1342.05, 268.75, 619.25, 0]
[1088.75, -1088.75, 191.0, 48.0, 799.95, 1342.05, 268.75, 619.25, 0]
[1088.75, -1088.75, 191.0, 48.0, 799.95, 1342.05, 268.75, 619.25, 0]
[1088.75, -1088.75, 191.0, 48.0, 799.95, 1342.05, 268.75, 619.25, 0]
[1088.75, -1088.75, 191.0, 48.0, 799.95, 1342.05, 268.75, 619.25, 0]
[1088.75, -1088.75, 191.0, 48.0, 799.95, 1342.05, 268.75, 619.25, 0]
[1088.75, -1088.75, 191.0, 48.0, 799.95, 1342.05, 268.75, 619.25, 0]
[1088.75, -1088.75, 191.0, 48.0, 799.95, 1342.05, 268.75, 619.25, 0]
[0.0, 0.0, 0, 0, 0, 0, 0, 0, 0]
[0.0, 0.0, 0, 0, 0, 0, 0, 0, 0]
[0.0, 0.0, 0, 0, 0, 0, 0, 0, 0]
[0.0, 0.0, 0, 0, 0, 0, 0, 0, 0]
[0.0, 0.0, 0, 0, 0, 0, 0, 0, 0]
[0.0, 0.0, 0, 0, 0, 0, 0, 0, 0]
[0.0, 0.0, 0, 0, 0, 0, 0, 0, 0]
[0.0, 0.0, 0, 0, 0, 0, 0, 0, 0]
[3.0, -3.0, 0, 0, 0, 0, 0, 0, 279.95000000000005]
[3.0, -3.0, 0, 0, 0, 0, 0, 0, 279.95000000000005]
[3.0, -3.0, 0, 0, 0, 0, 0, 0, 279.95000000000005]
[3.0, -3.0, 0, 0, 0, 0, 0, 0, 279.95000000000005]
[3.0, -3.0, 0, 0, 0, 0, 0, 0, 279.95000000000005]
[3.0, -3.0, 0, 0, 0, 0, 0, 0, 279.95000000000005]
[3.0, -3.0, 0, 0, 0, 0, 0, 0, 279.95000000000005]
[3.0, -3.0, 0, 0, 0, 0, 0, 0, 279.95000000000005]
[761.0, -761.0, 0, 0, 0, 0, 0, 0, 140.70000000000002]
[761.0, -761.0, 0, 0, 0, 0, 0, 0, 140.70000000000002]
[761.0, -761.0, 0, 0, 0, 0, 0, 0, 140.70000000000002]
[761.0, -761.0, 0, 0, 0, 0, 0, 0, 140.70000000000002]
[761.0, -761.0, 0, 0, 0, 0, 0, 0, 140.70000000000002]
[761.0, -761.0, 0, 0, 0, 0, 0, 0, 140.70000000000002]
[761.0, -761.0, 0, 0, 0, 0, 0, 0, 140.70000000000002]
[761.0, -761.0, 0, 0, 0, 0, 0, 0, 140.70000000000002]
[508.0, -508.0, 0, 0, 300.05, 405.95, 0, 0, 400.85]
[508.0, -508.0, 0, 0, 300.05, 405.95, 0, 0, 400.85]
[508.0, -508.0, 0, 0, 300.05, 405.95, 0, 0, 400.85]
[508.0, -508.0, 0, 0, 300.05, 405.95, 0, 0, 400.85]
[508.0, -508.0, 0, 0, 300.05, 405.95, 0, 0, 400.85]
[508.0, -508.0, 0, 0, 300.05, 405.95, 0, 0, 400.85]
[508.0, -508.0, 0, 0, 300.05, 405.95, 0, 0, 400.85]
[508.0, -508.0, 0, 0, 300.05, 405.95, 0, 0, 400.85]
[619.8, -619.8, 0, 0, 562.45, 1205.55, 0, 0, 149.5]
[619.8, -619.8, 0, 0, 562.45, 1205.55, 0, 0, 149.5]
[619.8, -619.8, 0, 0, 562.45, 1205.55, 0, 0, 149.5]
[619.8, -619.8, 0, 0, 562.45, 1205.55, 0, 0, 149.5]
[619.8, -619.8, 0, 0, 562.45, 1205.55, 0, 0, 149.5]
[619.8, -619.8, 0, 0, 562.45, 1205.55, 0, 0, 149.5]
[619.8, -619.8, 0, 0, 562.45, 1205.55, 0, 0, 149.5]
[619.8, -619.8, 0, 0, 562.45, 1205.55, 0, 0, 149.5]
[518.2, -518.2, 0, 0, 343.55, 960.45, 0, 0, 459.95]
[518.2, -518.2, 0, 0, 343.55, 960.45, 0, 0, 459.95]
[518.2, -518.2, 0, 0, 343.55, 960.45, 0, 0, 459.95]
[518.2, -518.2, 0, 0, 343.55, 960.45, 0, 0, 459.95]
[518.2, -518.2, 0, 0, 343.55, 960.45, 0, 0, 459.95]
[518.2, -518.2, 0, 0, 343.55, 960.45, 0, 0, 459.95]
[518.2, -518.2, 0, 0, 343.55, 960.45, 0, 0, 459.95]
[518.2, -518.2, 0, 0, 343.55, 960.45, 0, 0, 459.95]
[1277.8, -1277.8, 0, 0, 473.2, 952.8, 0, 0, 837.05]
[1277.8, -1277.8, 0, 0, 473.2, 952.8, 0, 0, 837.05]
[1277.8, -1277.8, 0, 0, 473.2, 952.8, 0, 0, 837.05]
[1277.8, -1277.8, 0, 0, 473.2, 952.8, 0, 0, 837.05]
[1277.8, -1277.8, 0, 0, 473.2, 952.8, 0, 0, 837.05]
[1277.8, -1277.8, 0, 0, 473.2, 952.8, 0, 0, 837.05]
[1277.8, -1277.8, 0, 0, 473.2, 952.8, 0, 0, 837.05]
[1277.8, -1277.8, 0, 0, 473.2, 952.8, 0, 0, 837.05]
[777.2, -777.2, 17.6, 26.4, 1006.8, 2019.2, 0, 0, 1091.85]
[777.2, -777.2, 17.6, 26.4, 1006.8, 2019.2, 0, 0, 1091.85]
[777.2, -777.2, 17.6, 26.4, 1006.8, 2019.2, 0, 0, 1091.85]
[777.2, -777.2, 17.6, 26.4, 1006.8, 2019.2, 0, 0, 1091.85]
[777.2, -777.2, 17.6, 26.4, 1006.8, 2019.2, 0, 0, 1091.85]
[777.2, -777.2, 17.6, 26.4, 1006.8, 2019.2, 0, 0, 1091.85]
[777.2, -777.2, 17.6, 26.4, 1006.8, 2019.2, 0, 0, 1091.85]
[777.2, -777.2, 17.6, 26.4, 1006.8, 2019.2, 0, 0, 1091.85]
[1121.95, -1121.95, 0, 0, 1600.25, 3153.75, 40.6, 568.4, 712.95]
[1121.95, -1121.95, 0, 0, 1600.25, 3153.75, 40.6, 568.4, 712.95]
[1121.95, -1121.95, 0, 0, 1600.25, 3153.75, 40.6, 568.4, 712.95]
[1121.95, -1121.95, 0, 0, 1600.25, 3153.75, 40.6, 568.4, 712.95]
[1121.95, -1121.95, 0, 0, 1600.25, 3153.75, 40.6, 568.4, 712.95]
[1121.95, -1121.95, 0, 0, 1600.25, 3153.75, 40.6, 568.4, 712.95]
[1121.95, -1121.95, 0, 0, 1600.25, 3153.75, 40.6, 568.4, 712.95]
[1121.95, -1121.95, 0, 0, 1600.25, 3153.75, 40.6, 568.4, 712.95]
[793.5999999999999, -793.5999999999999, 18.2, 72.8, 623.1500000000001, 1456.85, 187.20000000000002, 1291.8000000000002, 930.0]
[793.5999999999999, -793.5999999999999, 18.2, 72.8, 623.1500000000001, 1456.85, 187.20000000000002, 1291.8000000000002, 930.0]
[793.5999999999999, -793.5999999999999, 18.2, 72.8, 623.1500000000001, 1456.85, 187.20000000000002, 1291.8000000000002, 930.0]
[793.5999999999999, -793.5999999999999, 18.2, 72.8, 623.1500000000001, 1456.85, 187.20000000000002, 1291.8000000000002, 930.0]
[793.5999999999999, -793.5999999999999, 18.2, 72.8, 623.1500000000001, 1456.85, 187.20000000000002, 1291.8000000000002, 930.0]
[793.5999999999999, -793.5999999999999, 18.2, 72.8, 623.1500000000001, 1456.85, 187.20000000000002, 1291.8000000000002, 930.0]
[793.5999999999999, -793.5999999999999, 18.2, 72.8, 623.1500000000001, 1456.85, 187.20000000000002, 1291.8000000000002, 930.0]
[793.5999999999999, -793.5999999999999, 18.2, 72.8, 623.1500000000001, 1456.85, 187.20000000000002, 1291.8000000000002, 930.0]
[1445.55, -1445.55, 7.55, 1.45, 888.7, 1877.3000000000002, 0, 0, 1015.5]
[1445.55, -1445.55, 7.55, 1.45, 888.7, 1877.3000000000002, 0, 0, 1015.5]
[1445.55, -1445.55, 7.55, 1.45, 888.7, 1877.3000000000002, 0, 0, 1015.5]
[1445.55, -1445.55, 7.55, 1.45, 888.7, 1877.3000000000002, 0, 0, 1015.5]
[1445.55, -1445.55, 7.55, 1.45, 888.7, 1877.3000000000002, 0, 0, 1015.5]
[1445.55, -1445.55, 7.55, 1.45, 888.7, 1877.3000000000002, 0, 0, 1015.5]
[1445.55, -1445.55, 7.55, 1.45, 888.7, 1877.3000000000002, 0, 0, 1015.5]
[1445.55, -1445.55, 7.55, 1.45, 888.7, 1877.3000000000002, 0, 0, 1015.5]
[1071.3999999999999, -1071.3999999999999, 183.3, 238.7, 919.5, 1966.5, 0, 0, 1619.45]
[1071.3999999999999, -1071.3999999999999, 183.3, 238.7, 919.5, 1966.5, 0, 0, 1619.45]
[1071.3999999999999, -1071.3999999999999, 183.3, 238.7, 919.5, 1966.5, 0, 0, 1619.45]
[1071.3999999999999, -1071.3999999999999, 183.3, 238.7, 919.5, 1966.5, 0, 0, 1619.45]
[1071.3999999999999, -1071.3999999999999, 183.3, 238.7, 919.5, 1966.5, 0, 0, 1619.45]
[1071.3999999999999, -1071.3999999999999, 183.3, 238.7, 919.5, 1966.5, 0, 0, 1619.45]
[1071.3999999999999, -1071.3999999999999, 183.3, 238.7, 919.5, 1966.5, 0, 0, 1619.45]
[1071.3999999999999, -1071.3999999999999, 183.3, 238.7, 919.5, 1966.5, 0, 0, 1619.45]
[1260.55, -1260.55, 6.6, 35.4, 1741.2, 3204.8, 40.6, 568.4, 612.45]
[1260.55, -1260.55, 6.6, 35.4, 1741.2, 3204.8, 40.6, 568.4, 612.45]
[1260.55, -1260.55, 6.6, 35.4, 1741.2, 3204.8, 40.6, 568.4, 612.45]
[1260.55, -1260.55, 6.6, 35.4, 1741.2, 3204.8, 40.6, 568.4, 612.45]
[1260.55, -1260.55, 6.6, 35.4, 1741.2, 3204.8, 40.6, 568.4, 612.45]
[1260.55, -1260.55, 6.6, 35.4, 1741.2, 3204.8, 40.6, 568.4, 612.45]
[1260.55, -1260.55, 6.6, 35.4, 1741.2, 3204.8, 40.6, 568.4, 612.45]
[1260.55, -1260.55, 6.6, 35.4, 1741.2, 3204.8, 40.6, 568.4, 612.45]
[1309.3499999999997, -1309.3499999999997, 1.4, 0.6, 1055.7, 1890.3, 28.6, 103.4, 719.7]
[1309.3499999999997, -1309.3499999999997, 1.4, 0.6, 1055.7, 1890.3, 28.6, 103.4, 719.7]
[1309.3499999999997, -1309.3499999999997, 1.4, 0.6, 1055.7, 1890.3, 28.6, 103.4, 719.7]
[1309.3499999999997, -1309.3499999999997, 1.4, 0.6, 1055.7, 1890.3, 28.6, 103.4, 719.7]
[1309.3499999999997, -1309.3499999999997, 1.4, 0.6, 1055.7, 1890.3, 28.6, 103.4, 719.7]
[1309.3499999999997, -1309.3499999999997, 1.4, 0.6, 1055.7, 1890.3, 28.6, 103.4, 719.7]
[1309.3499999999997, -1309.3499999999997, 1.4, 0.6, 1055.7, 1890.3, 28.6, 103.4, 719.7]
[1309.3499999999997, -1309.3499999999997, 1.4, 0.6, 1055.7, 1890.3, 28.6, 103.4, 719.7]
[1617.95, -1617.95, 14.4, 56.6, 1096.6, 2043.4, 0, 0, 538.35]
[1617.95, -1617.95, 14.4, 56.6, 1096.6, 2043.4, 0, 0, 538.35]
[1617.95, -1617.95, 14.4, 56.6, 1096.6, 2043.4, 0, 0, 538.35]
[1617.95, -1617.95, 14.4, 56.6, 1096.6, 2043.4, 0, 0, 538.35]
[1617.95, -1617.95, 14.4, 56.6, 1096.6, 2043.4, 0, 0, 538.35]
[1617.95, -1617.95, 14.4, 56.6, 1096.6, 2043.4, 0, 0, 538.35]
[1617.95, -1617.95, 14.4, 56.6, 1096.6, 2043.4, 0, 0, 538.35]
[1617.95, -1617.95, 14.4, 56.6, 1096.6, 2043.4, 0, 0, 538.35]
[758.1, -758.1, 4.75, 0.25, 707.6999999999999, 1498.3, 18.0, 129.0, 492.65]
[758.1, -758.1, 4.75, 0.25, 707.6999999999999, 1498.3, 18.0, 129.0, 492.65]
[758.1, -758.1, 4.75, 0.25, 707.6999999999999, 1498.3, 18.0, 129.0, 492.65]
[758.1, -758.1, 4.75, 0.25, 707.6999999999999, 1498.3, 18.0, 129.0, 492.65]
[758.1, -758.1, 4.75, 0.25, 707.6999999999999, 1498.3, 18.0, 129.0, 492.65]
[758.1, -758.1, 4.75, 0.25, 707.6999999999999, 1498.3, 18.0, 129.0, 492.65]
[758.1, -758.1, 4.75, 0.25, 707.6999999999999, 1498.3, 18.0, 129.0, 492.65]
[758.1, -758.1, 4.75, 0.25, 707.6999999999999, 1498.3, 18.0, 129.0, 492.65]
[0.0, 0.0, 0, 0, 0, 0, 0, 0, 0]
[0.0, 0.0, 0, 0, 0, 0, 0, 0, 0]
[0.0, 0.0, 0, 0, 0, 0, 0, 0, 0]
[0.0, 0.0, 0, 0, 0, 0, 0, 0, 0]
[0.0, 0.0, 0, 0, 0, 0, 0, 0, 0]
[0.0, 0.0, 0, 0, 0, 0, 0, 0, 0]
[0.0, 0.0, 0, 0, 0, 0, 0, 0, 0]
[0.0, 0.0, 0, 0, 0, 0, 0, 0, 0]
[3.0, -3.0, 0, 0, 0, 0, 0, 0, 279.95000000000005]
[3.0, -3.0, 0, 0, 0, 0, 0, 0, 279.95000000000005]
[3.0, -3.0, 0, 0, 0, 0, 0, 0, 279.95000000000005]
[3.0, -3.0, 0, 0, 0, 0, 0, 0, 279.95000000000005]
[3.0, -3.0, 0, 0, 0, 0, 0, 0, 279.95000000000005]
[3.0, -3.0, 0, 0, 0, 0, 0, 0, 279.95000000000005]
[3.0, -3.0, 0, 0, 0, 0, 0, 0, 279.95000000000005]
[3.0, -3.0, 0, 0, 0, 0, 0, 0, 279.95000000000005]
[255.0, -255.0, 0, 0, 0, 0, 0, 0, 267.70000000000005]
[255.0, -255.0, 0, 0, 0, 0, 0, 0, 267.70000000000005]
[255.0, -255.0, 0, 0, 0, 0, 0, 0, 267.70000000000005]
[255.0, -255.0, 0, 0, 0, 0, 0, 0, 267.70000000000005]
[255.0, -255.0, 0, 0, 0, 0, 0, 0, 267.70000000000005]
[255.0, -255.0, 0, 0, 0, 0, 0, 0, 267.70000000000005]
[255.0, -255.0, 0, 0, 0, 0, 0, 0, 267.70000000000005]
[255.0, -255.0, 0, 0, 0, 0, 0, 0, 267.70000000000005]
[762.0, -762.0, 0, 0, 287.2, 430.8, 0, 0, 385.70000000000005]
[762.0, -762.0, 0, 0, 287.2, 430.8, 0, 0, 385.70000000000005]
[762.0, -762.0, 0, 0, 287.2, 430.8, 0, 0, 385.70000000000005]
[762.0, -762.0, 0, 0, 287.2, 430.8, 0, 0, 385.70000000000005]
[762.0, -762.0, 0, 0, 287.2, 430.8, 0, 0, 385.70000000000005]
[762.0, -762.0, 0, 0, 287.2, 430.8, 0, 0, 385.70000000000005]
[762.0, -762.0, 0, 0, 287.2, 430.8, 0, 0, 385.70000000000005]
[762.0, -762.0, 0, 0, 287.2, 430.8, 0, 0, 385.70000000000005]
[1150.8, -1150.8, 0, 0, 833.95, 1244.05, 0, 0, 128.5]
[1150.8, -1150.8, 0, 0, 833.95, 1244.05, 0, 0, 128.5]
[1150.8, -1150.8, 0, 0, 833.95, 1244.05, 0, 0, 128.5]
[1150.8, -1150.8, 0, 0, 833.95, 1244.05, 0, 0, 128.5]
[1150.8, -1150.8, 0, 0, 833.95, 1244.05, 0, 0, 128.5]
[1150.8, -1150.8, 0, 0, 833.95, 1244.05, 0, 0, 128.5]
[1150.8, -1150.8, 0, 0, 833.95, 1244.05, 0, 0, 128.5]
[1150.8, -1150.8, 0, 0, 833.95, 1244.05, 0, 0, 128.5]
[520.0, -520.0, 92.9, 29.099999999999998, 709.3999999999999, 1298.6000000000001, 263.9, 1080.1, 453.45]
[520.0, -520.0, 92.9, 29.099999999999998, 709.3999999999999, 1298.6000000000001, 263.9, 1080.1, 453.45]
[520.0, -520.0, 92.9, 29.099999999999998, 709.3999999999999, 1298.6000000000001, 263.9, 1080.1, 453.45]
[520.0, -520.0, 92.9, 29.099999999999998, 709.3999999999999, 1298.6000000000001, 263.9, 1080.1, 453.45]
[520.0, -520.0, 92.9, 29.099999999999998, 709.3999999999999, 1298.6000000000001, 263.9, 1080.1, 453.45]
[520.0, -520.0, 92.9, 29.099999999999998, 709.3999999999999, 1298.6000000000001, 263.9, 1080.1, 453.45]
[520.0, -520.0, 92.9, 29.099999999999998, 709.3999999999999, 1298.6000000000001, 263.9, 1080.1, 453.45]
[520.0, -520.0, 92.9, 29.099999999999998, 709.3999999999999, 1298.6000000000001, 263.9, 1080.1, 453.45]
[1422.1, -1422.1, 50.4, 21.599999999999998, 905.4499999999999, 1756.55, 224.1, 522.9, 773.0]
[1422.1, -1422.1, 50.4, 21.599999999999998, 905.4499999999999, 1756.55, 224.1, 522.9, 773.0]
[1422.1, -1422.1, 50.4, 21.599999999999998, 905.4499999999999, 1756.55, 224.1, 522.9, 773.0]
[1422.1, -1422.1, 50.4, 21.599999999999998, 905.4499999999999, 1756.55, 224.1, 522.9, 773.0]
[1422.1, -1422.1, 50.4, 21.599999999999998, 905.4499999999999, 1756.55, 224.1, 522.9, 773.0]
[1422.1, -1422.1, 50.4, 21.599999999999998, 905.4499999999999, 1756.55, 224.1, 522.9, 773.0]
[1422.1, -1422.1, 50.4, 21.599999999999998, 905.4499999999999, 1756.55, 224.1, 522.9, 773.0]
[1422.1, -1422.1, 50.4, 21.599999999999998, 905.4499999999999, 1756.55, 224.1, 522.9, 773.0]
[1164.1000000000001, -1164.1000000000001, 60.1, 33.9, 197.24999999999997, 454.75, 39.800000000000004, 557.1999999999999, 1133.35]
[1164.1000000000001, -1164.1000000000001, 60.1, 33.9, 197.24999999999997, 454.75, 39.800000000000004, 557.1999999999999, 1133.35]
[1164.1000000000001, -1164.1000000000001, 60.1, 33.9, 197.24999999999997, 454.75, 39.800000000000004, 557.1999999999999, 1133.35]
[1164.1000000000001, -1164.1000000000001, 60.1, 33.9, 197.24999999999997, 454.75, 39.800000000000004, 557.1999999999999, 1133.35]
[1164.1000000000001, -1164.1000000000001, 60.1, 33.9, 197.24999999999997, 454.75, 39.800000000000004, 557.1999999999999, 1133.35]
[1164.1000000000001, -1164.1000000000001, 60.1, 33.9, 197.24999999999997, 454.75, 39.800000000000004, 557.1999999999999, 1133.35]
[1164.1000000000001, -1164.1000000000001, 60.1, 33.9, 197.24999999999997, 454.75, 39.800000000000004, 557.1999999999999, 1133.35]
[1164.1000000000001, -1164.1000000000001, 60.1, 33.9, 197.24999999999997, 454.75, 39.800000000000004, 557.1999999999999, 1133.35]
[1541.3999999999999, -1541.3999999999999, 0, 0, 1450.8, 2557.2, 156.14999999999998, 1178.85, 801.35]
[1541.3999999999999, -1541.3999999999999, 0, 0, 1450.8, 2557.2, 156.14999999999998, 1178.85, 801.35]
[1541.3999999999999, -1541.3999999999999, 0, 0, 1450.8, 2557.2, 156.14999999999998, 1178.85, 801.35]
[1541.3999999999999, -1541.3999999999999, 0, 0, 1450.8, 2557.2, 156.14999999999998, 1178.85, 801.35]
[1541.3999999999999, -1541.3999999999999, 0, 0, 1450.8, 2557.2, 156.14999999999998, 1178.85, 801.35]
[1541.3999999999999, -1541.3999999999999, 0, 0, 1450.8, 2557.2, 156.14999999999998, 1178.85, 801.35]
[1541.3999999999999, -1541.3999999999999, 0, 0, 1450.8, 2557.2, 156.14999999999998, 1178.85, 801.35]
[1541.3999999999999, -1541.3999999999999, 0, 0, 1450.8, 2557.2, 156.14999999999998, 1178.85, 801.35]
[1443.45, -1443.45, 13.299999999999999, 24.7, 911.3499999999999, 1736.65, 55.400000000000006, 1261.6, 1096.4500000000003]
[1443.45, -1443.45, 13.299999999999999, 24.7, 911.3499999999999, 1736.65, 55.400000000000006, 1261.6, 1096.4500000000003]
[1443.45, -1443.45, 13.299999999999999, 24.7, 911.3499999999999, 1736.65, 55.400000000000006, 1261.6, 1096.4500000000003]
[1443.45, -1443.45, 13.299999999999999, 24.7, 911.3499999999999, 1736.65, 55.400000000000006, 1261.6, 1096.4500000000003]
[1443.45, -1443.45, 13.299999999999999, 24.7, 911.3499999999999, 1736.65, 55.400000000000006, 1261.6, 1096.4500000000003]
[1443.45, -1443.45, 13.299999999999999, 24.7, 911.3499999999999, 1736.65, 55.400000000000006, 1261.6, 1096.4500000000003]
[1443.45, -1443.45, 13.299999999999999, 24.7, 911.3499999999999, 1736.65, 55.400000000000006, 1261.6, 1096.4500000000003]
[1443.45, -1443.45, 13.299999999999999, 24.7, 911.3499999999999, 1736.65, 55.400000000000006, 1261.6, 1096.4500000000003]
[1789.9499999999998, -1789.9499999999998, 50.4, 21.599999999999998, 804.0, 1392.0, 356.65, 1911.35, 988.7]
[1789.9499999999998, -1789.9499999999998, 50.4, 21.599999999999998, 804.0, 1392.0, 356.65, 1911.35, 988.7]
[1789.9499999999998, -1789.9499999999998, 50.4, 21.599999999999998, 804.0, 1392.0, 356.65, 1911.35, 988.7]
[1789.9499999999998, -1789.9499999999998, 50.4, 21.599999999999998, 804.0, 1392.0, 356.65, 1911.35, 988.7]
[1789.9499999999998, -1789.9499999999998, 50.4, 21.599999999999998, 804.0, 1392.0, 356.65, 1911.35, 988.7]
[1789.9499999999998, -1789.9499999999998, 50.4, 21.599999999999998, 804.0, 1392.0, 356.65, 1911.35, 988.7]
[1789.9499999999998, -1789.9499999999998, 50.4, 21.599999999999998, 804.0, 1392.0, 356.65, 1911.35, 988.7]
[1789.9499999999998, -1789.9499999999998, 50.4, 21.599999999999998, 804.0, 1392.0, 356.65, 1911.35, 988.7]
[1255.35, -1255.35, 94.7, 43.3, 820.05, 1761.9499999999998, 30.6, 794.4, 1239.3500000000001]
[1255.35, -1255.35, 94.7, 43.3, 820.05, 1761.9499999999998, 30.6, 794.4, 1239.3500000000001]
[1255.35, -1255.35, 94.7, 43.3, 820.05, 1761.9499999999998, 30.6, 794.4, 1239.3500000000001]
[1255.35, -1255.35, 94.7, 43.3, 820.05, 1761.9499999999998, 30.6, 794.4, 1239.3500000000001]
[1255.35, -1255.35, 94.7, 43.3, 820.05, 1761.9499999999998, 30.6, 794.4, 1239.3500000000001]
[1255.35, -1255.35, 94.7, 43.3, 820.05, 1761.9499999999998, 30.6, 794.4, 1239.3500000000001]
[1255.35, -1255.35, 94.7, 43.3, 820.05, 1761.9499999999998, 30.6, 794.4, 1239.3500000000001]
[1255.35, -1255.35, 94.7, 43.3, 820.05, 1761.9499999999998, 30.6, 794.4, 1239.3500000000001]
[2419.7499999999995, -2419.7499999999995, 0, 0, 1411.1, 2740.9, 0, 0, 510.0]
[2419.7499999999995, -2419.7499999999995, 0, 0, 1411.1, 2740.9, 0, 0, 510.0]
[2419.7499999999995, -2419.7499999999995, 0, 0, 1411.1, 2740.9, 0, 0, 510.0]
[2419.7499999999995, -2419.7499999999995, 0, 0, 1411.1, 2740.9, 0, 0, 510.0]
[2419.7499999999995, -2419.7499999999995, 0, 0, 1411.1, 2740.9, 0, 0, 510.0]
[2419.7499999999995, -2419.7499999999995, 0, 0, 1411.1, 2740.9, 0, 0, 510.0]
[2419.7499999999995, -2419.7499999999995, 0, 0, 1411.1, 2740.9, 0, 0, 510.0]
[2419.7499999999995, -2419.7499999999995, 0, 0, 1411.1, 2740.9, 0, 0, 510.0]
[995.9000000000001, -995.9000000000001, 53.8, 96.19999999999999, 860.25, 1865.75, 42.7, 167.3, 1423.7500000000002]
[995.9000000000001, -995.9000000000001, 53.8, 96.19999999999999, 860.25, 1865.75, 42.7, 167.3, 1423.7500000000002]
[995.9000000000001, -995.9000000000001, 53.8, 96.19999999999999, 860.25, 1865.75, 42.7, 167.3, 1423.7500000000002]
[995.9000000000001, -995.9000000000001, 53.8, 96.19999999999999, 860.25, 1865.75, 42.7, 167.3, 1423.7500000000002]
[995.9000000000001, -995.9000000000001, 53.8, 96.19999999999999, 860.25, 1865.75, 42.7, 167.3, 1423.7500000000002]
[995.9000000000001, -995.9000000000001, 53.8, 96.19999999999999, 860.25, 1865.75, 42.7, 167.3, 1423.7500000000002]
[995.9000000000001, -995.9000000000001, 53.8, 96.19999999999999, 860.25, 1865.75, 42.7, 167.3, 1423.7500000000002]
[995.9000000000001, -995.9000000000001, 53.8, 96.19999999999999, 860.25, 1865.75, 42.7, 167.3, 1423.7500000000002]
[2476.6, -2476.6, 13.0, 8.0, 845.8, 1326.2, 0, 0, 1184.9]
[2476.6, -2476.6, 13.0, 8.0, 845.8, 1326.2, 0, 0, 1184.9]
[2476.6, -2476.6, 13.0, 8.0, 845.8, 1326.2, 0, 0, 1184.9]
[2476.6, -2476.6, 13.0, 8.0, 845.8, 1326.2, 0, 0, 1184.9]
[2476.6, -2476.6, 13.0, 8.0, 845.8, 1326.2, 0, 0, 1184.9]
[2476.6, -2476.6, 13.0, 8.0, 845.8, 1326.2, 0, 0, 1184.9]
[2476.6, -2476.6, 13.0, 8.0, 845.8, 1326.2, 0, 0, 1184.9]
[2476.6, -2476.6, 13.0, 8.0, 845.8, 1326.2, 0, 0, 1184.9]
[1363.6000000000001, -1363.6000000000001, 85.19999999999999, 29.799999999999997, 1053.6499999999999, 1824.3500000000001, 270.45, 623.55, 1059.5]
[1363.6000000000001, -1363.6000000000001, 85.19999999999999, 29.799999999999997, 1053.6499999999999, 1824.3500000000001, 270.45, 623.55, 1059.5]
[1363.6000000000001, -1363.6000000000001, 85.19999999999999, 29.799999999999997, 1053.6499999999999, 1824.3500000000001, 270.45, 623.55, 1059.5]
[1363.6000000000001, -1363.6000000000001, 85.19999999999999, 29.799999999999997, 1053.6499999999999, 1824.3500000000001, 270.45, 623.55, 1059.5]
[1363.6000000000001, -1363.6000000000001, 85.19999999999999, 29.799999999999997, 1053.6499999999999, 1824.3500000000001, 270.45, 623.55, 1059.5]
[1363.6000000000001, -1363.6000000000001, 85.19999999999999, 29.799999999999997, 1053.6499999999999, 1824.3500000000001, 270.45, 623.55, 1059.5]
[1363.6000000000001, -1363.6000000000001, 85.19999999999999, 29.799999999999997, 1053.6499999999999, 1824.3500000000001, 270.45, 623.55, 1059.5]
[1363.6000000000001, -1363.6000000000001, 85.19999999999999, 29.799999999999997, 1053.6499999999999, 1824.3500000000001, 270.45, 623.55, 1059.5]
[2040.0, -2040.0, 0, 0, 0, 0, 0, 0, 0]
[2040.0, -2040.0, 0, 0, 0, 0, 0, 0, 0]
[2040.0, -2040.0, 0, 0, 0, 0, 0, 0, 0]
[2040.0, -2040.0, 0, 0, 0, 0, 0, 0, 0]
[2040.0, -2040.0, 0, 0, 0, 0, 0, 0, 0]
[2040.0, -2040.0, 0, 0, 0, 0, 0, 0, 0]
[2040.0, -2040.0, 0, 0, 0, 0, 0, 0, 0]
[2040.0, -2040.0, 0, 0, 0, 0, 0, 0, 0]
[1018.0, -1018.0, 0, 0, 0, 0, 0, 0, 127.5]
[1018.0, -1018.0, 0, 0, 0, 0, 0, 0, 127.5]
[1018.0, -1018.0, 0, 0, 0, 0, 0, 0, 127.5]
[1018.0, -1018.0, 0, 0, 0, 0, 0, 0, 127.5]
[1018.0, -1018.0, 0, 0, 0, 0, 0, 0, 127.5]
[1018.0, -1018.0, 0, 0, 0, 0, 0, 0, 127.5]
[1018.0, -1018.0, 0, 0, 0, 0, 0, 0, 127.5]
[1018.0, -1018.0, 0, 0, 0, 0, 0, 0, 127.5]
[769.0, -769.0, 0, 0, 0, 0, 0, 0, 255.0]
[769.0, -769.0, 0, 0, 0, 0, 0, 0, 255.0]
[769.0, -769.0, 0, 0, 0, 0, 0, 0, 255.0]
[769.0, -769.0, 0, 0, 0, 0, 0, 0, 255.0]
[769.0, -769.0, 0, 0, 0, 0, 0, 0, 255.0]
[769.0, -769.0, 0, 0, 0, 0, 0, 0, 255.0]
[769.0, -769.0, 0, 0, 0, 0, 0, 0, 255.0]
[769.0, -769.0, 0, 0, 0, 0, 0, 0, 255.0]
[772.0, -772.0, 0, 0, 300.05, 405.95, 0, 0, 127.5]
[772.0, -772.0, 0, 0, 300.05, 405.95, 0, 0, 127.5]
[772.0, -772.0, 0, 0, 300.05, 405.95, 0, 0, 127.5]
[772.0, -772.0, 0, 0, 300.05, 405.95, 0, 0, 127.5]
[772.0, -772.0, 0, 0, 300.05, 405.95, 0, 0, 127.5]
[772.0, -772.0, 0, 0, 300.05, 405.95, 0, 0, 127.5]
[772.0, -772.0, 0, 0, 300.05, 405.95, 0, 0, 127.5]
[772.0, -772.0, 0, 0, 300.05, 405.95, 0, 0, 127.5]
[1143.45, -1143.45, 44.0, 132.0, 222.95000000000002, 463.05, 0, 0, 149.0]
[1143.45, -1143.45, 44.0, 132.0, 222.95000000000002, 463.05, 0, 0, 149.0]
[1143.45, -1143.45, 44.0, 132.0, 222.95000000000002, 463.05, 0, 0, 149.0]
[1143.45, -1143.45, 44.0, 132.0, 222.95000000000002, 463.05, 0, 0, 149.0]
[1143.45, -1143.45, 44.0, 132.0, 222.95000000000002, 463.05, 0, 0, 149.0]
[1143.45, -1143.45, 44.0, 132.0, 222.95000000000002, 463.05, 0, 0, 149.0]
[1143.45, -1143.45, 44.0, 132.0, 222.95000000000002, 463.05, 0, 0, 149.0]
[1143.45, -1143.45, 44.0, 132.0, 222.95000000000002, 463.05, 0, 0, 149.0]
[752.0500000000001, -752.0500000000001, 0, 0, 665.4, 1660.6000000000001, 0, 0, 578.7]
[752.0500000000001, -752.0500000000001, 0, 0, 665.4, 1660.6000000000001, 0, 0, 578.7]
[752.0500000000001, -752.0500000000001, 0, 0, 665.4, 1660.6000000000001, 0, 0, 578.7]
[752.0500000000001, -752.0500000000001, 0, 0, 665.4, 1660.6000000000001, 0, 0, 578.7]
[752.0500000000001, -752.0500000000001, 0, 0, 665.4, 1660.6000000000001, 0, 0, 578.7]
[752.0500000000001, -752.0500000000001, 0, 0, 665.4, 1660.6000000000001, 0, 0, 578.7]
[752.0500000000001, -752.0500000000001, 0, 0, 665.4, 1660.6000000000001, 0, 0, 578.7]
[752.0500000000001, -752.0500000000001, 0, 0, 665.4, 1660.6000000000001, 0, 0, 578.7]
[1033.0500000000002, -1033.0500000000002, 44.0, 132.0, 577.15, 1428.8500000000001, 0, 0, 709.8]
[1033.0500000000002, -1033.0500000000002, 44.0, 132.0, 577.15, 1428.8500000000001, 0, 0, 709.8]
[1033.0500000000002, -1033.0500000000002, 44.0, 132.0, 577.15, 1428.8500000000001, 0, 0, 709.8]
[1033.0500000000002, -1033.0500000000002, 44.0, 132.0, 577.15, 1428.8500000000001, 0, 0, 709.8]
[1033.0500000000002, -1033.0500000000002, 44.0, 132.0, 577.15, 1428.8500000000001, 0, 0, 709.8]
[1033.0500000000002, -1033.0500000000002, 44.0, 132.0, 577.15, 1428.8500000000001, 0, 0, 709.8]
[1033.0500000000002, -1033.0500000000002, 44.0, 132.0, 577.15, 1428.8500000000001, 0, 0, 709.8]
[1033.0500000000002, -1033.0500000000002, 44.0, 132.0, 577.15, 1428.8500000000001, 0, 0, 709.8]
[1112.65, -1112.65, 0, 0, 951.25, 1696.75, 0, 0, 1028.65]
[1112.65, -1112.65, 0, 0, 951.25, 1696.75, 0, 0, 1028.65]
[1112.65, -1112.65, 0, 0, 951.25, 1696.75, 0, 0, 1028.65]
[1112.65, -1112.65, 0, 0, 951.25, 1696.75, 0, 0, 1028.65]
[1112.65, -1112.65, 0, 0, 951.25, 1696.75, 0, 0, 1028.65]
[1112.65, -1112.65, 0, 0, 951.25, 1696.75, 0, 0, 1028.65]
[1112.65, -1112.65, 0, 0, 951.25, 1696.75, 0, 0, 1028.65]
[1112.65, -1112.65, 0, 0, 951.25, 1696.75, 0, 0, 1028.65]
[1035.15, -1035.15, 44.0, 132.0, 889.25, 2294.75, 40.6, 568.4, 989.1]
[1035.15, -1035.15, 44.0, 132.0, 889.25, 2294.75, 40.6, 568.4, 989.1]
[1035.15, -1035.15, 44.0, 132.0, 889.25, 2294.75, 40.6, 568.4, 989.1]
[1035.15, -1035.15, 44.0, 132.0, 889.25, 2294.75, 40.6, 568.4, 989.1]
[1035.15, -1035.15, 44.0, 132.0, 889.25, 2294.75, 40.6, 568.4, 989.1]
[1035.15, -1035.15, 44.0, 132.0, 889.25, 2294.75, 40.6, 568.4, 989.1]
[1035.15, -1035.15, 44.0, 132.0, 889.25, 2294.75, 40.6, 568.4, 989.1]
[1035.15, -1035.15, 44.0, 132.0, 889.25, 2294.75, 40.6, 568.4, 989.1]
[794.0, -794.0, 179.1, 19.900000000000002, 1028.5, 2305.5, 22.75, 697.2500000000001, 1511.1]
[794.0, -794.0, 179.1, 19.900000000000002, 1028.5, 2305.5, 22.75, 697.2500000000001, 1511.1]
[794.0, -794.0, 179.1, 19.900000000000002, 1028.5, 2305.5, 22.75, 697.2500000000001, 1511.1]
[794.0, -794.0, 179.1, 19.900000000000002, 1028.5, 2305.5, 22.75, 697.2500000000001, 1511.1]
[794.0, -794.0, 179.1, 19.900000000000002, 1028.5, 2305.5, 22.75, 697.2500000000001, 1511.1]
[794.0, -794.0, 179.1, 19.900000000000002, 1028.5, 2305.5, 22.75, 697.2500000000001, 1511.1]
[794.0, -794.0, 179.1, 19.900000000000002, 1028.5, 2305.5, 22.75, 697.2500000000001, 1511.1]
[794.0, -794.0, 179.1, 19.900000000000002, 1028.5, 2305.5, 22.75, 697.2500000000001, 1511.1]
[1528.2, -1528.2, 14.5, 2.5, 986.5, 1827.5, 271.7, 586.3, 750.25]
[1528.2, -1528.2, 14.5, 2.5, 986.5, 1827.5, 271.7, 586.3, 750.25]
[1528.2, -1528.2, 14.5, 2.5, 986.5, 1827.5, 271.7, 586.3, 750.25]
[1528.2, -1528.2, 14.5, 2.5, 986.5, 1827.5, 271.7, 586.3, 750.25]
[1528.2, -1528.2, 14.5, 2.5, 986.5, 1827.5, 271.7, 586.3, 750.25]
[1528.2, -1528.2, 14.5, 2.5, 986.5, 1827.5, 271.7, 586.3, 750.25]
[1528.2, -1528.2, 14.5, 2.5, 986.5, 1827.5, 271.7, 586.3, 750.25]
[1528.2, -1528.2, 14.5, 2.5, 986.5, 1827.5, 271.7, 586.3, 750.25]
[1357.95, -1357.95, 102.0, 218.0, 1449.8500000000001, 3014.15, 22.5, 652.5, 1283.45]
[1357.95, -1357.95, 102.0, 218.0, 1449.8500000000001, 3014.15, 22.5, 652.5, 1283.45]
[1357.95, -1357.95, 102.0, 218.0, 1449.8500000000001, 3014.15, 22.5, 652.5, 1283.45]
[1357.95, -1357.95, 102.0, 218.0, 1449.8500000000001, 3014.15, 22.5, 652.5, 1283.45]
[1357.95, -1357.95, 102.0, 218.0, 1449.8500000000001, 3014.15, 22.5, 652.5, 1283.45]
[1357.95, -1357.95, 102.0, 218.0, 1449.8500000000001, 3014.15, 22.5, 652.5, 1283.45]
[1357.95, -1357.95, 102.0, 218.0, 1449.8500000000001, 3014.15, 22.5, 652.5, 1283.45]
[1357.95, -1357.95, 102.0, 218.0, 1449.8500000000001, 3014.15, 22.5, 652.5, 1283.45]
[2211.2, -2211.2, 99.2, 147.8, 1259.5500000000002, 2786.4500000000003, 312.3, 1154.6999999999998, 611.4]
[2211.2, -2211.2, 99.2, 147.8, 1259.5500000000002, 2786.4500000000003, 312.3, 1154.6999999999998, 611.4]
[2211.2, -2211.2, 99.2, 147.8, 1259.5500000000002, 2786.4500000000003, 312.3, 1154.6999999999998, 611.4]
[2211.2, -2211.2, 99.2, 147.8, 1259.5500000000002, 2786.4500000000003, 312.3, 1154.6999999999998, 611.4]
[2211.2, -2211.2, 99.2, 147.8, 1259.5500000000002, 2786.4500000000003, 312.3, 1154.6999999999998, 611.4]
[2211.2, -2211.2, 99.2, 147.8, 1259.5500000000002, 2786.4500000000003, 312.3, 1154.6999999999998, 611.4]
[2211.2, -2211.2, 99.2, 147.8, 1259.5500000000002, 2786.4500000000003, 312.3, 1154.6999999999998, 611.4]
[2211.2, -2211.2, 99.2, 147.8, 1259.5500000000002, 2786.4500000000003, 312.3, 1154.6999999999998, 611.4]
[1926.1499999999999, -1926.1499999999999, 0, 0, 1134.95, 2207.05, 40.6, 163.4, 894.8500000000001]
[1926.1499999999999, -1926.1499999999999, 0, 0, 1134.95, 2207.05, 40.6, 163.4, 894.8500000000001]
[1926.1499999999999, -1926.1499999999999, 0, 0, 1134.95, 2207.05, 40.6, 163.4, 894.8500000000001]
[1926.1499999999999, -1926.1499999999999, 0, 0, 1134.95, 2207.05, 40.6, 163.4, 894.8500000000001]
[1926.1499999999999, -1926.1499999999999, 0, 0, 1134.95, 2207.05, 40.6, 163.4, 894.8500000000001]
[1926.1499999999999, -1926.1499999999999, 0, 0, 1134.95, 2207.05, 40.6, 163.4, 894.8500000000001]
[1926.1499999999999, -1926.1499999999999, 0, 0, 1134.95, 2207.05, 40.6, 163.4, 894.8500000000001]
[1926.1499999999999, -1926.1499999999999, 0, 0, 1134.95, 2207.05, 40.6, 163.4, 894.8500000000001]
[1842.4, -1842.4, 2.8, 1.2, 1267.3, 2676.7, 0, 0, 759.05]
[1842.4, -1842.4, 2.8, 1.2, 1267.3, 2676.7, 0, 0, 759.05]
[1842.4, -1842.4, 2.8, 1.2, 1267.3, 2676.7, 0, 0, 759.05]
[1842.4, -1842.4, 2.8, 1.2, 1267.3, 2676.7, 0, 0, 759.05]
[1842.4, -1842.4, 2.8, 1.2, 1267.3, 2676.7, 0, 0, 759.05]
[1842.4, -1842.4, 2.8, 1.2, 1267.3, 2676.7, 0, 0, 759.05]
[1842.4, -1842.4, 2.8, 1.2, 1267.3, 2676.7, 0, 0, 759.05]
[1842.4, -1842.4, 2.8, 1.2, 1267.3, 2676.7, 0, 0, 759.05]
[2383.3, -2383.3, 188.5, 45.5, 517.65, 920.35, 291.4, 719.5999999999999, 790.05]
[2383.3, -2383.3, 188.5, 45.5, 517.65, 920.35, 291.4, 719.5999999999999, 790.05]
[2383.3, -2383.3, 188.5, 45.5, 517.65, 920.35, 291.4, 719.5999999999999, 790.05]
[2383.3, -2383.3, 188.5, 45.5, 517.65, 920.35, 291.4, 719.5999999999999, 790.05]
[2383.3, -2383.3, 188.5, 45.5, 517.65, 920.35, 291.4, 719.5999999999999, 790.05]
[2383.3, -2383.3, 188.5, 45.5, 517.65, 920.35, 291.4, 719.5999999999999, 790.05]
[2383.3, -2383.3, 188.5, 45.5, 517.65, 920.35, 291.4, 719.5999999999999, 790.05]
[2383.3, -2383.3, 188.5, 45.5, 517.65, 920.35, 291.4, 719.5999999999999, 790.05]
