[0.0, 0.0, 0, 0, 0, 0, 0, 0, 0]
[0.0, 0.0, 0, 0, 0, 0, 0, 0, 0]
[0.0, 0.0, 0, 0, 0, 0, 0, 0, 0]
[0.0, 0.0, 0, 0, 0, 0, 0, 0, 0]
[0.0, 0.0, 0, 0, 0, 0, 0, 0, 0]
[0.0, 0.0, 0, 0, 0, 0, 0, 0, 0]
[0.0, 0.0, 0, 0, 0, 0, 0, 0, 0]
[0.0, 0.0, 0, 0, 0, 0, 0, 0, 0]
[0.0, 0.0, 0, 0, 0, 0, 0, 0, 2052.0]
[0.0, 0.0, 0, 0, 0, 0, 0, 0, 2052.0]
[0.0, 0.0, 0, 0, 0, 0, 0, 0, 2052.0]
[0.0, 0.0, 0, 0, 0, 0, 0, 0, 2052.0]
[0.0, 0.0, 0, 0, 0, 0, 0, 0, 2052.0]
[0.0, 0.0, 0, 0, 0, 0, 0, 0, 2052.0]
[0.0, 0.0, 0, 0, 0, 0, 0, 0, 2052.0]
[0.0, 0.0, 0, 0, 0, 0, 0, 0, 2052.0]
[0.0, 0.0, 0, 0, 0, 0, 0, 0, 1172.0]
[0.0, 0.0, 0, 0, 0, 0, 0, 0, 1172.0]
[0.0, 0.0, 0, 0, 0, 0, 0, 0, 1172.0]
[0.0, 0.0, 0, 0, 0, 0, 0, 0, 1172.0]
[0.0, 0.0, 0, 0, 0, 0, 0, 0, 1172.0]
[0.0, 0.0, 0, 0, 0, 0, 0, 0, 1172.0]
[0.0, 0.0, 0, 0, 0, 0, 0, 0, 1172.0]
[0.0, 0.0, 0, 0, 0, 0, 0, 0, 1172.0]
[0.0, 0.0, 0, 0, 0, 0, 0, 0, 3224.0]
[0.0, 0.0, 0, 0, 0, 0, 0, 0, 3224.0]
[0.0, 0.0, 0, 0, 0, 0, 0, 0, 3224.0]
[0.0, 0.0, 0, 0, 0, 0, 0, 0, 3224.0]
[0.0, 0.0, 0, 0, 0, 0, 0, 0, 3224.0]
[0.0, 0.0, 0, 0, 0, 0, 0, 0, 3224.0]
[0.0, 0.0, 0, 0, 0, 0, 0, 0, 3224.0]
[0.0, 0.0, 0, 0, 0, 0, 0, 0, 3224.0]
[0.0, 0.0, 0, 0, 0, 0, 0, 0, 1952.0]
[0.0, 0.0, 0, 0, 0, 0, 0, 0, 1952.0]
[0.0, 0.0, 0, 0, 0, 0, 0, 0, 1952.0]
[0.0, 0.0, 0, 0, 0, 0, 0, 0, 1952.0]
[0.0, 0.0, 0, 0, 0, 0, 0, 0, 1952.0]
[0.0, 0.0, 0, 0, 0, 0, 0, 0, 1952.0]
[0.0, 0.0, 0, 0, 0, 0, 0, 0, 1952.0]
[0.0, 0.0, 0, 0, 0, 0, 0, 0, 1952.0]
[0.0, 0.0, 0, 0, 0, 0, 0, 0, 1400.0]
[0.0, 0.0, 0, 0, 0, 0, 0, 0, 1400.0]
[0.0, 0.0, 0, 0, 0, 0, 0, 0, 1400.0]
[0.0, 0.0, 0, 0, 0, 0, 0, 0, 1400.0]
[0.0, 0.0, 0, 0, 0, 0, 0, 0, 1400.0]
[0.0, 0.0, 0, 0, 0, 0, 0, 0, 1400.0]
[0.0, 0.0, 0, 0, 0, 0, 0, 0, 1400.0]
[0.0, 0.0, 0, 0, 0, 0, 0, 0, 1400.0]
[0.0, 0.0, 0, 0, 0, 0, 0, 0, 2364.0]
[0.0, 0.0, 0, 0, 0, 0, 0, 0, 2364.0]
[0.0, 0.0, 0, 0, 0, 0, 0, 0, 2364.0]
[0.0, 0.0, 0, 0, 0, 0, 0, 0, 2364.0]
[0.0, 0.0, 0, 0, 0, 0, 0, 0, 2364.0]
[0.0, 0.0, 0, 0, 0, 0, 0, 0, 2364.0]
[0.0, 0.0, 0, 0, 0, 0, 0, 0, 2364.0]
[0.0, 0.0, 0, 0, 0, 0, 0, 0, 2364.0]
[0.0, 0.0, 0, 0, 0, 0, 0, 0, 3040.0]
[0.0, 0.0, 0, 0, 0, 0, 0, 0, 3040.0]
[0.0, 0.0, 0, 0, 0, 0, 0, 0, 3040.0]
[0.0, 0.0, 0, 0, 0, 0, 0, 0, 3040.0]
[0.0, 0.0, 0, 0, 0, 0, 0, 0, 3040.0]
[0.0, 0.0, 0, 0, 0, 0, 0, 0, 3040.0]
[0.0, 0.0, 0, 0, 0, 0, 0, 0, 3040.0]
[0.0, 0.0, 0, 0, 0, 0, 0, 0, 3040.0]
[0.0, 0.0, 0, 0, 0, 0, 0, 0, 1316.0]
[0.0, 0.0, 0, 0, 0, 0, 0, 0, 1316.0]
[0.0, 0.0, 0, 0, 0, 0, 0, 0, 1316.0]
[0.0, 0.0, 0, 0, 0, 0, 0, 0, 1316.0]
[0.0, 0.0, 0, 0, 0, 0, 0, 0, 1316.0]
[0.0, 0.0, 0, 0, 0, 0, 0, 0, 1316.0]
[0.0, 0.0, 0, 0, 0, 0, 0, 0, 1316.0]
[0.0, 0.0, 0, 0, 0, 0, 0, 0, 1316.0]
[0.0, 0.0, 0, 0, 0, 0, 0, 0, 3012.0]
[0.0, 0.0, 0, 0, 0, 0, 0, 0, 3012.0]
[0.0, 0.0, 0, 0, 0, 0, 0, 0, 3012.0]
[0.0, 0.0, 0, 0, 0, 0, 0, 0, 3012.0]
[0.0, 0.0, 0, 0, 0, 0, 0, 0, 3012.0]
[0.0, 0.0, 0, 0, 0, 0, 0, 0, 3012.0]
[0.0, 0.0, 0, 0, 0, 0, 0, 0, 3012.0]
[0.0, 0.0, 0, 0, 0, 0, 0, 0, 3012.0]
[0.0, 0.0, 0, 0, 0, 0, 0, 0, 2180.0]
[0.0, 0.0, 0, 0, 0, 0, 0, 0, 2180.0]
[0.0, 0.0, 0, 0, 0, 0, 0, 0, 2180.0]
[0.0, 0.0, 0, 0, 0, 0, 0, 0, 2180.0]
[0.0, 0.0, 0, 0, 0, 0, 0, 0, 2180.0]
[0.0, 0.0, 0, 0, 0, 0, 0, 0, 2180.0]
[0.0, 0.0, 0, 0, 0, 0, 0, 0, 2180.0]
[0.0, 0.0, 0, 0, 0, 0, 0, 0, 2180.0]
[0.0, 0.0, 0, 0, 0, 0, 0, 0, 3292.0]
[0.0, 0.0, 0, 0, 0, 0, 0, 0, 3292.0]
[0.0, 0.0, 0, 0, 0, 0, 0, 0, 3292.0]
[0.0, 0.0, 0, 0, 0, 0, 0, 0, 3292.0]
[0.0, 0.0, 0, 0, 0, 0, 0, 0, 3292.0]
[0.0, 0.0, 0, 0, 0, 0, 0, 0, 3292.0]
[0.0, 0.0, 0, 0, 0, 0, 0, 0, 3292.0]
[0.0, 0.0, 0, 0, 0, 0, 0, 0, 3292.0]
[0.0, 0.0, 0, 0, 0, 0, 0, 0, 3276.0]
[0.0, 0.0, 0, 0, 0, 0, 0, 0, 3276.0]
[0.0, 0.0, 0, 0, 0, 0, 0, 0, 3276.0]
[0.0, 0.0, 0, 0, 0, 0, 0, 0, 3276.0]
[0.0, 0.0, 0, 0, 0, 0, 0, 0, 3276.0]
[0.0, 0.0, 0, 0, 0, 0, 0, 0, 3276.0]
[0.0, 0.0, 0, 0, 0, 0, 0, 0, 3276.0]
[0.0, 0.0, 0, 0, 0, 0, 0, 0, 3276.0]
[0.0, 0.0, 0, 0, 0, 0, 0, 0, 2360.0]
[0.0, 0.0, 0, 0, 0, 0, 0, 0, 2360.0]
[0.0, 0.0, 0, 0, 0, 0, 0, 0, 2360.0]
[0.0, 0.0, 0, 0, 0, 0, 0, 0, 2360.0]
[0.0, 0.0, 0, 0, 0, 0, 0, 0, 2360.0]
[0.0, 0.0, 0, 0, 0, 0, 0, 0, 2360.0]
[0.0, 0.0, 0, 0, 0, 0, 0, 0, 2360.0]
[0.0, 0.0, 0, 0, 0, 0, 0, 0, 2360.0]
[0.0, 0.0, 0, 0, 0, 0, 0, 0, 2232.0]
[0.0, 0.0, 0, 0, 0, 0, 0, 0, 2232.0]
[0.0, 0.0, 0, 0, 0, 0, 0, 0, 2232.0]
[0.0, 0.0, 0, 0, 0, 0, 0, 0, 2232.0]
[0.0, 0.0, 0, 0, 0, 0, 0, 0, 2232.0]
[0.0, 0.0, 0, 0, 0, 0, 0, 0, 2232.0]
[0.0, 0.0, 0, 0, 0, 0, 0, 0, 2232.0]
[0.0, 0.0, 0, 0, 0, 0, 0, 0, 2232.0]
[0.0, 0.0, 0, 0, 0, 0, 0, 0, 4004.0]
[0.0, 0.0, 0, 0, 0, 0, 0, 0, 4004.0]
[0.0, 0.0, 0, 0, 0, 0, 0, 0, 4004.0]
[0.0, 0.0, 0, 0, 0, 0, 0, 0, 4004.0]
[0.0, 0.0, 0, 0, 0, 0, 0, 0, 4004.0]
[0.0, 0.0, 0, 0, 0, 0, 0, 0, 4004.0]
[0.0, 0.0, 0, 0, 0, 0, 0, 0, 4004.0]
[0.0, 0.0, 0, 0, 0, 0, 0, 0, 4004.0]
[4096.0, -4096.0, 0, 0, 0, 0, 0, 0, 0]
[4096.0, -4096.0, 0, 0, 0, 0, 0, 0, 0]
[4096.0, -4096.0, 0, 0, 0, 0, 0, 0, 0]
[4096.0, -4096.0, 0, 0, 0, 0, 0, 0, 0]
[4096.0, -4096.0, 0, 0, 0, 0, 0, 0, 0]
[4096.0, -4096.0, 0, 0, 0, 0, 0, 0, 0]
[4096.0, -4096.0, 0, 0, 0, 0, 0, 0, 0]
[4096.0, -4096.0, 0, 0, 0, 0, 0, 0, 0]
[4050.1, -4050.1, 0, 0, 1343.25, 2238.75, 0, 0, 1864.7000000000003]
[4050.1, -4050.1, 0, 0, 1343.25, 2238.75, 0, 0, 1864.7000000000003]
[4050.1, -4050.1, 0, 0, 1343.25, 2238.75, 0, 0, 1864.7000000000003]
[4050.1, -4050.1, 0, 0, 1343.25, 2238.75, 0, 0, 1864.7000000000003]
[4050.1, -4050.1, 0, 0, 1343.25, 2238.75, 0, 0, 1864.7000000000003]
[4050.1, -4050.1, 0, 0, 1343.25, 2238.75, 0, 0, 1864.7000000000003]
[4050.1, -4050.1, 0, 0, 1343.25, 2238.75, 0, 0, 1864.7000000000003]
[4050.1, -4050.1, 0, 0, 1343.25, 2238.75, 0, 0, 1864.7000000000003]
[6472.300000000001, -6472.300000000001, 0, 0, 543.0, 905.0, 2.85, 33.15, 895.9499999999999]
[6472.300000000001, -6472.300000000001, 0, 0, 543.0, 905.0, 2.85, 33.15, 895.9499999999999]
[6472.300000000001, -6472.300000000001, 0, 0, 543.0, 905.0, 2.85, 33.15, 895.9499999999999]
[6472.300000000001, -6472.300000000001, 0, 0, 543.0, 905.0, 2.85, 33.15, 895.9499999999999]
[6472.300000000001, -6472.300000000001, 0, 0, 543.0, 905.0, 2.85, 33.15, 895.9499999999999]
[6472.300000000001, -6472.300000000001, 0, 0, 543.0, 905.0, 2.85, 33.15, 895.9499999999999]
[6472.300000000001, -6472.300000000001, 0, 0, 543.0, 905.0, 2.85, 33.15, 895.9499999999999]
[6472.300000000001, -6472.300000000001, 0, 0, 543.0, 905.0, 2.85, 33.15, 895.9499999999999]
[6319.349999999999, -6319.349999999999, 0, 0, 768.9, 1337.1, 2.75, 66.25, 1420.05]
[6319.349999999999, -6319.349999999999, 0, 0, 768.9, 1337.1, 2.75, 66.25, 1420.05]
[6319.349999999999, -6319.349999999999, 0, 0, 768.9, 1337.1, 2.75, 66.25, 1420.05]
[6319.349999999999, -6319.349999999999, 0, 0, 768.9, 1337.1, 2.75, 66.25, 1420.05]
[6319.349999999999, -6319.349999999999, 0, 0, 768.9, 1337.1, 2.75, 66.25, 1420.05]
[6319.349999999999, -6319.349999999999, 0, 0, 768.9, 1337.1, 2.75, 66.25, 1420.05]
[6319.349999999999, -6319.349999999999, 0, 0, 768.9, 1337.1, 2.75, 66.25, 1420.05]
[6319.349999999999, -6319.349999999999, 0, 0, 768.9, 1337.1, 2.75, 66.25, 1420.05]
[4837.35, -4837.35, 0, 0, 3167.45, 5140.550000000001, 14.1, 39.9, 1064.35]
[4837.35, -4837.35, 0, 0, 3167.45, 5140.550000000001, 14.1, 39.9, 1064.35]
[4837.35, -4837.35, 0, 0, 3167.45, 5140.550000000001, 14.1, 39.9, 1064.35]
[4837.35, -4837.35, 0, 0, 3167.45, 5140.550000000001, 14.1, 39.9, 1064.35]
[4837.35, -4837.35, 0, 0, 3167.45, 5140.550000000001, 14.1, 39.9, 1064.35]
[4837.35, -4837.35, 0, 0, 3167.45, 5140.550000000001, 14.1, 39.9, 1064.35]
[4837.35, -4837.35, 0, 0, 3167.45, 5140.550000000001, 14.1, 39.9, 1064.35]
[4837.35, -4837.35, 0, 0, 3167.45, 5140.550000000001, 14.1, 39.9, 1064.35]
[5144.0, -5144.0, 0, 0, 2155.25, 3450.7499999999995, 2.55, 87.45, 1009.0]
[5144.0, -5144.0, 0, 0, 2155.25, 3450.7499999999995, 2.55, 87.45, 1009.0]
[5144.0, -5144.0, 0, 0, 2155.25, 3450.7499999999995, 2.55, 87.45, 1009.0]
[5144.0, -5144.0, 0, 0, 2155.25, 3450.7499999999995, 2.55, 87.45, 1009.0]
[5144.0, -5144.0, 0, 0, 2155.25, 3450.7499999999995, 2.55, 87.45, 1009.0]
[5144.0, -5144.0, 0, 0, 2155.25, 3450.7499999999995, 2.55, 87.45, 1009.0]
[5144.0, -5144.0, 0, 0, 2155.25, 3450.7499999999995, 2.55, 87.45, 1009.0]
[5144.0, -5144.0, 0, 0, 2155.25, 3450.7499999999995, 2.55, 87.45, 1009.0]
[3898.45, -3898.45, 2.8, 1.2, 1553.9499999999998, 2646.05, 0, 0, 2534.75]
[3898.45, -3898.45, 2.8, 1.2, 1553.9499999999998, 2646.05, 0, 0, 2534.75]
[3898.45, -3898.45, 2.8, 1.2, 1553.9499999999998, 2646.05, 0, 0, 2534.75]
[3898.45, -3898.45, 2.8, 1.2, 1553.9499999999998, 2646.05, 0, 0, 2534.75]
[3898.45, -3898.45, 2.8, 1.2, 1553.9499999999998, 2646.05, 0, 0, 2534.75]
[3898.45, -3898.45, 2.8, 1.2, 1553.9499999999998, 2646.05, 0, 0, 2534.75]
[3898.45, -3898.45, 2.8, 1.2, 1553.9499999999998, 2646.05, 0, 0, 2534.75]
[3898.45, -3898.45, 2.8, 1.2, 1553.9499999999998, 2646.05, 0, 0, 2534.75]
[5593.8, -5593.8, 0, 0, 2614.5, 4313.5, 0, 0, 1719.1000000000001]
[5593.8, -5593.8, 0, 0, 2614.5, 4313.5, 0, 0, 1719.1000000000001]
[5593.8, -5593.8, 0, 0, 2614.5, 4313.5, 0, 0, 1719.1000000000001]
[5593.8, -5593.8, 0, 0, 2614.5, 4313.5, 0, 0, 1719.1000000000001]
[5593.8, -5593.8, 0, 0, 2614.5, 4313.5, 0, 0, 1719.1000000000001]
[5593.8, -5593.8, 0, 0, 2614.5, 4313.5, 0, 0, 1719.1000000000001]
[5593.8, -5593.8, 0, 0, 2614.5, 4313.5, 0, 0, 1719.1000000000001]
[5593.8, -5593.8, 0, 0, 2614.5, 4313.5, 0, 0, 1719.1000000000001]
[4264.75, -4264.75, 0, 0, 2124.3500000000004, 3563.65, 24.1, 107.9, 1113.1]
[4264.75, -4264.75, 0, 0, 2124.3500000000004, 3563.65, 24.1, 107.9, 1113.1]
[4264.75, -4264.75, 0, 0, 2124.3500000000004, 3563.65, 24.1, 107.9, 1113.1]
[4264.75, -4264.75, 0, 0, 2124.3500000000004, 3563.65, 24.1, 107.9, 1113.1]
[4264.75, -4264.75, 0, 0, 2124.3500000000004, 3563.65, 24.1, 107.9, 1113.1]
[4264.75, -4264.75, 0, 0, 2124.3500000000004, 3563.65, 24.1, 107.9, 1113.1]
[4264.75, -4264.75, 0, 0, 2124.3500000000004, 3563.65, 24.1, 107.9, 1113.1]
[4264.75, -4264.75, 0, 0, 2124.3500000000004, 3563.65, 24.1, 107.9, 1113.1]
[3452.2000000000007, -3452.2000000000007, 3.8, 5.2, 2277.0, 3263.0, 4.4, 19.599999999999998, 2557.6000000000004]
[3452.2000000000007, -3452.2000000000007, 3.8, 5.2, 2277.0, 3263.0, 4.4, 19.599999999999998, 2557.6000000000004]
[3452.2000000000007, -3452.2000000000007, 3.8, 5.2, 2277.0, 3263.0, 4.4, 19.599999999999998, 2557.6000000000004]
[3452.2000000000007, -3452.2000000000007, 3.8, 5.2, 2277.0, 3263.0, 4.4, 19.599999999999998, 2557.6000000000004]
[3452.2000000000007, -3452.2000000000007, 3.8, 5.2, 2277.0, 3263.0, 4.4, 19.599999999999998, 2557.6000000000004]
[3452.2000000000007, -3452.2000000000007, 3.8, 5.2, 2277.0, 3263.0, 4.4, 19.599999999999998, 2557.6000000000004]
[3452.2000000000007, -3452.2000000000007, 3.8, 5.2, 2277.0, 3263.0, 4.4, 19.599999999999998, 2557.6000000000004]
[3452.2000000000007, -3452.2000000000007, 3.8, 5.2, 2277.0, 3263.0, 4.4, 19.599999999999998, 2557.6000000000004]
[4405.25, -4405.25, 0, 0, 2226.35, 3483.65, 9.5, 71.5, 1374.7]
[4405.25, -4405.25, 0, 0, 2226.35, 3483.65, 9.5, 71.5, 1374.7]
[4405.25, -4405.25, 0, 0, 2226.35, 3483.65, 9.5, 71.5, 1374.7]
[4405.25, -4405.25, 0, 0, 2226.35, 3483.65, 9.5, 71.5, 1374.7]
[4405.25, -4405.25, 0, 0, 2226.35, 3483.65, 9.5, 71.5, 1374.7]
[4405.25, -4405.25, 0, 0, 2226.35, 3483.65, 9.5, 71.5, 1374.7]
[4405.25, -4405.25, 0, 0, 2226.35, 3483.65, 9.5, 71.5, 1374.7]
[4405.25, -4405.25, 0, 0, 2226.35, 3483.65, 9.5, 71.5, 1374.7]
[5546.5, -5546.5, 0, 0, 1899.85, 3070.15, 3.0, 12.0, 1968.3999999999999]
[5546.5, -5546.5, 0, 0, 1899.85, 3070.15, 3.0, 12.0, 1968.3999999999999]
[5546.5, -5546.5, 0, 0, 1899.85, 3070.15, 3.0, 12.0, 1968.3999999999999]
[5546.5, -5546.5, 0, 0, 1899.85, 3070.15, 3.0, 12.0, 1968.3999999999999]
[5546.5, -5546.5, 0, 0, 1899.85, 3070.15, 3.0, 12.0, 1968.3999999999999]
[5546.5, -5546.5, 0, 0, 1899.85, 3070.15, 3.0, 12.0, 1968.3999999999999]
[5546.5, -5546.5, 0, 0, 1899.85, 3070.15, 3.0, 12.0, 1968.3999999999999]
[5546.5, -5546.5, 0, 0, 1899.85, 3070.15, 3.0, 12.0, 1968.3999999999999]
[2786.2999999999997, -2786.2999999999997, 2.8, 1.2, 3001.2499999999995, 4778.75, 20.4, 51.599999999999994, 2881.15]
[2786.2999999999997, -2786.2999999999997, 2.8, 1.2, 3001.2499999999995, 4778.75, 20.4, 51.599999999999994, 2881.15]
[2786.2999999999997, -2786.2999999999997, 2.8, 1.2, 3001.2499999999995, 4778.75, 20.4, 51.599999999999994, 2881.15]
[2786.2999999999997, -2786.2999999999997, 2.8, 1.2, 3001.2499999999995, 4778.75, 20.4, 51.599999999999994, 2881.15]
[2786.2999999999997, -2786.2999999999997, 2.8, 1.2, 3001.2499999999995, 4778.75, 20.4, 51.599999999999994, 2881.15]
[2786.2999999999997, -2786.2999999999997, 2.8, 1.2, 3001.2499999999995, 4778.75, 20.4, 51.599999999999994, 2881.15]
[2786.2999999999997, -2786.2999999999997, 2.8, 1.2, 3001.2499999999995, 4778.75, 20.4, 51.599999999999994, 2881.15]
[2786.2999999999997, -2786.2999999999997, 2.8, 1.2, 3001.2499999999995, 4778.75, 20.4, 51.599999999999994, 2881.15]
[5099.0, -5099.0, 0, 0, 2298.0, 3322.0, 6.8999999999999995, 38.099999999999994, 1612.6999999999998]
[5099.0, -5099.0, 0, 0, 2298.0, 3322.0, 6.8999999999999995, 38.099999999999994, 1612.6999999999998]
[5099.0, -5099.0, 0, 0, 2298.0, 3322.0, 6.8999999999999995, 38.099999999999994, 1612.6999999999998]
[5099.0, -5099.0, 0, 0, 2298.0, 3322.0, 6.8999999999999995, 38.099999999999994, 1612.6999999999998]
[5099.0, -5099.0, 0, 0, 2298.0, 3322.0, 6.8999999999999995, 38.099999999999994, 1612.6999999999998]
[5099.0, -5099.0, 0, 0, 2298.0, 3322.0, 6.8999999999999995, 38.099999999999994, 1612.6999999999998]
[5099.0, -5099.0, 0, 0, 2298.0, 3322.0, 6.8999999999999995, 38.099999999999994, 1612.6999999999998]
[5099.0, -5099.0, 0, 0, 2298.0, 3322.0, 6.8999999999999995, 38.099999999999994, 1612.6999999999998]
[5310.000000000001, -5310.000000000001, 0, 0, 1837.2500000000002, 2972.7499999999995, 35.8, 141.2, 1921.25]
[5310.000000000001, -5310.000000000001, 0, 0, 1837.2500000000002, 2972.7499999999995, 35.8, 141.2, 1921.25]
[5310.000000000001, -5310.000000000001, 0, 0, 1837.2500000000002, 2972.7499999999995, 35.8, 141.2, 1921.25]
[5310.000000000001, -5310.000000000001, 0, 0, 1837.2500000000002, 2972.7499999999995, 35.8, 141.2, 1921.25]
[5310.000000000001, -5310.000000000001, 0, 0, 1837.2500000000002, 2972.7499999999995, 35.8, 141.2, 1921.25]
[5310.000000000001, -5310.000000000001, 0, 0, 1837.2500000000002, 2972.7499999999995, 35.8, 141.2, 1921.25]
[5310.000000000001, -5310.000000000001, 0, 0, 1837.2500000000002, 2972.7499999999995, 35.8, 141.2, 1921.25]
[5310.000000000001, -5310.000000000001, 0, 0, 1837.2500000000002, 2972.7499999999995, 35.8, 141.2, 1921.25]
[4706.700000000001, -4706.700000000001, 59.85, 274.15, 1633.8, 2622.2, 3.75, 77.25, 2071.05]
[4706.700000000001, -4706.700000000001, 59.85, 274.15, 1633.8, 2622.2, 3.75, 77.25, 2071.05]
[4706.700000000001, -4706.700000000001, 59.85, 274.15, 1633.8, 2622.2, 3.75, 77.25, 2071.05]
[4706.700000000001, -4706.700000000001, 59.85, 274.15, 1633.8, 2622.2, 3.75, 77.25, 2071.05]
[4706.700000000001, -4706.700000000001, 59.85, 274.15, 1633.8, 2622.2, 3.75, 77.25, 2071.05]
[4706.700000000001, -4706.700000000001, 59.85, 274.15, 1633.8, 2622.2, 3.75, 77.25, 2071.05]
[4706.700000000001, -4706.700000000001, 59.85, 274.15, 1633.8, 2622.2, 3.75, 77.25, 2071.05]
[4706.700000000001, -4706.700000000001, 59.85, 274.15, 1633.8, 2622.2, 3.75, 77.25, 2071.05]
[6168.0, -6168.0, 0, 0, 0, 0, 0, 0, 0]
[6168.0, -6168.0, 0, 0, 0, 0, 0, 0, 0]
[6168.0, -6168.0, 0, 0, 0, 0, 0, 0, 0]
[6168.0, -6168.0, 0, 0, 0, 0, 0, 0, 0]
[6168.0, -6168.0, 0, 0, 0, 0, 0, 0, 0]
[6168.0, -6168.0, 0, 0, 0, 0, 0, 0, 0]
[6168.0, -6168.0, 0, 0, 0, 0, 0, 0, 0]
[6168.0, -6168.0, 0, 0, 0, 0, 0, 0, 0]
[3557.7, -3557.7, 0, 0, 1365.7999999999997, 2252.2000000000003, 5.1, 12.899999999999999, 1353.35]
[3557.7, -3557.7, 0, 0, 1365.7999999999997, 2252.2000000000003, 5.1, 12.899999999999999, 1353.35]
[3557.7, -3557.7, 0, 0, 1365.7999999999997, 2252.2000000000003, 5.1, 12.899999999999999, 1353.35]
[3557.7, -3557.7, 0, 0, 1365.7999999999997, 2252.2000000000003, 5.1, 12.899999999999999, 1353.35]
[3557.7, -3557.7, 0, 0, 1365.7999999999997, 2252.2000000000003, 5.1, 12.899999999999999, 1353.35]
[3557.7, -3557.7, 0, 0, 1365.7999999999997, 2252.2000000000003, 5.1, 12.899999999999999, 1353.35]
[3557.7, -3557.7, 0, 0, 1365.7999999999997, 2252.2000000000003, 5.1, 12.899999999999999, 1353.35]
[3557.7, -3557.7, 0, 0, 1365.7999999999997, 2252.2000000000003, 5.1, 12.899999999999999, 1353.35]
[4403.800000000001, -4403.800000000001, 21.400000000000002, 63.6, 1403.3000000000002, 2214.7, 39.5, 155.5, 551.75]
[4403.800000000001, -4403.800000000001, 21.400000000000002, 63.6, 1403.3000000000002, 2214.7, 39.5, 155.5, 551.75]
[4403.800000000001, -4403.800000000001, 21.400000000000002, 63.6, 1403.3000000000002, 2214.7, 39.5, 155.5, 551.75]
[4403.800000000001, -4403.800000000001, 21.400000000000002, 63.6, 1403.3000000000002, 2214.7, 39.5, 155.5, 551.75]
[4403.800000000001, -4403.800000000001, 21.400000000000002, 63.6, 1403.3000000000002, 2214.7, 39.5, 155.5, 551.75]
[4403.800000000001, -4403.800000000001, 21.400000000000002, 63.6, 1403.3000000000002, 2214.7, 39.5, 155.5, 551.75]
[4403.800000000001, -4403.800000000001, 21.400000000000002, 63.6, 1403.3000000000002, 2214.7, 39.5, 155.5, 551.75]
[4403.800000000001, -4403.800000000001, 21.400000000000002, 63.6, 1403.3000000000002, 2214.7, 39.5, 155.5, 551.75]
[3958.2, -3958.2, 19.6, 34.400000000000006, 1080.35, 1815.65, 16.7, 151.3, 1781.8000000000002]
[3958.2, -3958.2, 19.6, 34.400000000000006, 1080.35, 1815.65, 16.7, 151.3, 1781.8000000000002]
[3958.2, -3958.2, 19.6, 34.400000000000006, 1080.35, 1815.65, 16.7, 151.3, 1781.8000000000002]
[3958.2, -3958.2, 19.6, 34.400000000000006, 1080.35, 1815.65, 16.7, 151.3, 1781.8000000000002]
[3958.2, -3958.2, 19.6, 34.400000000000006, 1080.35, 1815.65, 16.7, 151.3, 1781.8000000000002]
[3958.2, -3958.2, 19.6, 34.400000000000006, 1080.35, 1815.65, 16.7, 151.3, 1781.8000000000002]
[3958.2, -3958.2, 19.6, 34.400000000000006, 1080.35, 1815.65, 16.7, 151.3, 1781.8000000000002]
[3958.2, -3958.2, 19.6, 34.400000000000006, 1080.35, 1815.65, 16.7, 151.3, 1781.8000000000002]
[3635.7000000000003, -3635.7000000000003, 14.0, 56.0, 2104.75, 3451.25, 128.25, 414.75, 1440.35]
[3635.7000000000003, -3635.7000000000003, 14.0, 56.0, 2104.75, 3451.25, 128.25, 414.75, 1440.35]
[3635.7000000000003, -3635.7000000000003, 14.0, 56.0, 2104.75, 3451.25, 128.25, 414.75, 1440.35]
[3635.7000000000003, -3635.7000000000003, 14.0, 56.0, 2104.75, 3451.25, 128.25, 414.75, 1440.35]
[3635.7000000000003, -3635.7000000000003, 14.0, 56.0, 2104.75, 3451.25, 128.25, 414.75, 1440.35]
[3635.7000000000003, -3635.7000000000003, 14.0, 56.0, 2104.75, 3451.25, 128.25, 414.75, 1440.35]
[3635.7000000000003, -3635.7000000000003, 14.0, 56.0, 2104.75, 3451.25, 128.25, 414.75, 1440.35]
[3635.7000000000003, -3635.7000000000003, 14.0, 56.0, 2104.75, 3451.25, 128.25, 414.75, 1440.35]
[4273.65, -4273.65, 6.4, 25.6, 2056.3, 3485.7, 256.95, 1387.0500000000002, 1390.35]
[4273.65, -4273.65, 6.4, 25.6, 2056.3, 3485.7, 256.95, 1387.0500000000002, 1390.35]
[4273.65, -4273.65, 6.4, 25.6, 2056.3, 3485.7, 256.95, 1387.0500000000002, 1390.35]
[4273.65, -4273.65, 6.4, 25.6, 2056.3, 3485.7, 256.95, 1387.0500000000002, 1390.35]
[4273.65, -4273.65, 6.4, 25.6, 2056.3, 3485.7, 256.95, 1387.0500000000002, 1390.35]
[4273.65, -4273.65, 6.4, 25.6, 2056.3, 3485.7, 256.95, 1387.0500000000002, 1390.35]
[4273.65, -4273.65, 6.4, 25.6, 2056.3, 3485.7, 256.95, 1387.0500000000002, 1390.35]
[4273.65, -4273.65, 6.4, 25.6, 2056.3, 3485.7, 256.95, 1387.0500000000002, 1390.35]
[2909.1, -2909.1, 20.6, 38.400000000000006, 1792.6000000000001, 3059.3999999999996, 227.9, 624.1, 2922.5]
[2909.1, -2909.1, 20.6, 38.400000000000006, 1792.6000000000001, 3059.3999999999996, 227.9, 624.1, 2922.5]
[2909.1, -2909.1, 20.6, 38.400000000000006, 1792.6000000000001, 3059.3999999999996, 227.9, 624.1, 2922.5]
[2909.1, -2909.1, 20.6, 38.400000000000006, 1792.6000000000001, 3059.3999999999996, 227.9, 624.1, 2922.5]
[2909.1, -2909.1, 20.6, 38.400000000000006, 1792.6000000000001, 3059.3999999999996, 227.9, 624.1, 2922.5]
[2909.1, -2909.1, 20.6, 38.400000000000006, 1792.6000000000001, 3059.3999999999996, 227.9, 624.1, 2922.5]
[2909.1, -2909.1, 20.6, 38.400000000000006, 1792.6000000000001, 3059.3999999999996, 227.9, 624.1, 2922.5]
[2909.1, -2909.1, 20.6, 38.400000000000006, 1792.6000000000001, 3059.3999999999996, 227.9, 624.1, 2922.5]
[4301.95, -4301.95, 15.799999999999999, 41.199999999999996, 1322.5, 2155.5, 97.85, 307.15, 1787.8]
[4301.95, -4301.95, 15.799999999999999, 41.199999999999996, 1322.5, 2155.5, 97.85, 307.15, 1787.8]
[4301.95, -4301.95, 15.799999999999999, 41.199999999999996, 1322.5, 2155.5, 97.85, 307.15, 1787.8]
[4301.95, -4301.95, 15.799999999999999, 41.199999999999996, 1322.5, 2155.5, 97.85, 307.15, 1787.8]
[4301.95, -4301.95, 15.799999999999999, 41.199999999999996, 1322.5, 2155.5, 97.85, 307.15, 1787.8]
[4301.95, -4301.95, 15.799999999999999, 41.199999999999996, 1322.5, 2155.5, 97.85, 307.15, 1787.8]
[4301.95, -4301.95, 15.799999999999999, 41.199999999999996, 1322.5, 2155.5, 97.85, 307.15, 1787.8]
[4301.95, -4301.95, 15.799999999999999, 41.199999999999996, 1322.5, 2155.5, 97.85, 307.15, 1787.8]
[3342.45, -3342.45, 0, 0, 1066.8500000000001, 1781.1499999999999, 29.3, 87.7, 2034.4499999999998]
[3342.45, -3342.45, 0, 0, 1066.8500000000001, 1781.1499999999999, 29.3, 87.7, 2034.4499999999998]
[3342.45, -3342.45, 0, 0, 1066.8500000000001, 1781.1499999999999, 29.3, 87.7, 2034.4499999999998]
[3342.45, -3342.45, 0, 0, 1066.8500000000001, 1781.1499999999999, 29.3, 87.7, 2034.4499999999998]
[3342.45, -3342.45, 0, 0, 1066.8500000000001, 1781.1499999999999, 29.3, 87.7, 2034.4499999999998]
[3342.45, -3342.45, 0, 0, 1066.8500000000001, 1781.1499999999999, 29.3, 87.7, 2034.4499999999998]
[3342.45, -3342.45, 0, 0, 1066.8500000000001, 1781.1499999999999, 29.3, 87.7, 2034.4499999999998]
[3342.45, -3342.45, 0, 0, 1066.8500000000001, 1781.1499999999999, 29.3, 87.7, 2034.4499999999998]
[3089.9000000000005, -3089.9000000000005, 267.54999999999995, 17.450000000000003, 1974.95, 2969.05, 2.7, 15.299999999999999, 2449.2500000000005]
[3089.9000000000005, -3089.9000000000005, 267.54999999999995, 17.450000000000003, 1974.95, 2969.05, 2.7, 15.299999999999999, 2449.2500000000005]
[3089.9000000000005, -3089.9000000000005, 267.54999999999995, 17.450000000000003, 1974.95, 2969.05, 2.7, 15.299999999999999, 2449.2500000000005]
[3089.9000000000005, -3089.9000000000005, 267.54999999999995, 17.450000000000003, 1974.95, 2969.05, 2.7, 15.299999999999999, 2449.2500000000005]
[3089.9000000000005, -3089.9000000000005, 267.54999999999995, 17.450000000000003, 1974.95, 2969.05, 2.7, 15.299999999999999, 2449.2500000000005]
[3089.9000000000005, -3089.9000000000005, 267.54999999999995, 17.450000000000003, 1974.95, 2969.05, 2.7, 15.299999999999999, 2449.2500000000005]
[3089.9000000000005, -3089.9000000000005, 267.54999999999995, 17.450000000000003, 1974.95, 2969.05, 2.7, 15.299999999999999, 2449.2500000000005]
[3089.9000000000005, -3089.9000000000005, 267.54999999999995, 17.450000000000003, 1974.95, 2969.05, 2.7, 15.299999999999999, 2449.2500000000005]
[2999.7000000000003, -2999.7000000000003, 14.200000000000001, 33.800000000000004, 2631.2, 4398.8, 246.85, 650.15, 1332.7]
[2999.7000000000003, -2999.7000000000003, 14.200000000000001, 33.800000000000004, 2631.2, 4398.8, 246.85, 650.15, 1332.7]
[2999.7000000000003, -2999.7000000000003, 14.200000000000001, 33.800000000000004, 2631.2, 4398.8, 246.85, 650.15, 1332.7]
[2999.7000000000003, -2999.7000000000003, 14.200000000000001, 33.800000000000004, 2631.2, 4398.8, 246.85, 650.15, 1332.7]
[2999.7000000000003, -2999.7000000000003, 14.200000000000001, 33.800000000000004, 2631.2, 4398.8, 246.85, 650.15, 1332.7]
[2999.7000000000003, -2999.7000000000003, 14.200000000000001, 33.800000000000004, 2631.2, 4398.8, 246.85, 650.15, 1332.7]
[2999.7000000000003, -2999.7000000000003, 14.200000000000001, 33.800000000000004, 2631.2, 4398.8, 246.85, 650.15, 1332.7]
[2999.7000000000003, -2999.7000000000003, 14.200000000000001, 33.800000000000004, 2631.2, 4398.8, 246.85, 650.15, 1332.7]
[4985.400000000001, -4985.400000000001, 1.4, 0.6, 1684.0500000000002, 2667.95, 6.75, 53.25, 1533.3]
[4985.400000000001, -4985.400000000001, 1.4, 0.6, 1684.0500000000002, 2667.95, 6.75, 53.25, 1533.3]
[4985.400000000001, -4985.400000000001, 1.4, 0.6, 1684.0500000000002, 2667.95, 6.75, 53.25, 1533.3]
[4985.400000000001, -4985.400000000001, 1.4, 0.6, 1684.0500000000002, 2667.95, 6.75, 53.25, 1533.3]
[4985.400000000001, -4985.400000000001, 1.4, 0.6, 1684.0500000000002, 2667.95, 6.75, 53.25, 1533.3]
[4985.400000000001, -4985.400000000001, 1.4, 0.6, 1684.0500000000002, 2667.95, 6.75, 53.25, 1533.3]
[4985.400000000001, -4985.400000000001, 1.4, 0.6, 1684.0500000000002, 2667.95, 6.75, 53.25, 1533.3]
[4985.400000000001, -4985.400000000001, 1.4, 0.6, 1684.0500000000002, 2667.95, 6.75, 53.25, 1533.3]
[2353.0, -2353.0, 7.6000000000000005, 30.400000000000002, 2782.8499999999995, 4261.15, 17.599999999999998, 156.4, 3694.4500000000003]
[2353.0, -2353.0, 7.6000000000000005, 30.400000000000002, 2782.8499999999995, 4261.15, 17.599999999999998, 156.4, 3694.4500000000003]
[2353.0, -2353.0, 7.6000000000000005, 30.400000000000002, 2782.8499999999995, 4261.15, 17.599999999999998, 156.4, 3694.4500000000003]
[2353.0, -2353.0, 7.6000000000000005, 30.400000000000002, 2782.8499999999995, 4261.15, 17.599999999999998, 156.4, 3694.4500000000003]
[2353.0, -2353.0, 7.6000000000000005, 30.400000000000002, 2782.8499999999995, 4261.15, 17.599999999999998, 156.4, 3694.4500000000003]
[2353.0, -2353.0, 7.6000000000000005, 30.400000000000002, 2782.8499999999995, 4261.15, 17.599999999999998, 156.4, 3694.4500000000003]
[2353.0, -2353.0, 7.6000000000000005, 30.400000000000002, 2782.8499999999995, 4261.15, 17.599999999999998, 156.4, 3694.4500000000003]
[2353.0, -2353.0, 7.6000000000000005, 30.400000000000002, 2782.8499999999995, 4261.15, 17.599999999999998, 156.4, 3694.4500000000003]
[3849.7999999999997, -3849.7999999999997, 102.4, 210.6, 1427.65, 2218.35, 52.449999999999996, 763.5500000000001, 2150.6]
[3849.7999999999997, -3849.7999999999997, 102.4, 210.6, 1427.65, 2218.35, 52.449999999999996, 763.5500000000001, 2150.6]
[3849.7999999999997, -3849.7999999999997, 102.4, 210.6, 1427.65, 2218.35, 52.449999999999996, 763.5500000000001, 2150.6]
[3849.7999999999997, -3849.7999999999997, 102.4, 210.6, 1427.65, 2218.35, 52.449999999999996, 763.5500000000001, 2150.6]
[3849.7999999999997, -3849.7999999999997, 102.4, 210.6, 1427.65, 2218.35, 52.449999999999996, 763.5500000000001, 2150.6]
[3849.7999999999997, -3849.7999999999997, 102.4, 210.6, 1427.65, 2218.35, 52.449999999999996, 763.5500000000001, 2150.6]
[3849.7999999999997, -3849.7999999999997, 102.4, 210.6, 1427.65, 2218.35, 52.449999999999996, 763.5500000000001, 2150.6]
[3849.7999999999997, -3849.7999999999997, 102.4, 210.6, 1427.65, 2218.35, 52.449999999999996, 763.5500000000001, 2150.6]
[4289.200000000001, -4289.200000000001, 20.95, 38.05, 1336.4, 2135.6, 101.60000000000001, 402.40000000000003, 1921.0499999999997]
[4289.200000000001, -4289.200000000001, 20.95, 38.05, 1336.4, 2135.6, 101.60000000000001, 402.40000000000003, 1921.0499999999997]
[4289.200000000001, -4289.200000000001, 20.95, 38.05, 1336.4, 2135.6, 101.60000000000001, 402.40000000000003, 1921.0499999999997]
[4289.200000000001, -4289.200000000001, 20.95, 38.05, 1336.4, 2135.6, 101.60000000000001, 402.40000000000003, 1921.0499999999997]
[4289.200000000001, -4289.200000000001, 20.95, 38.05, 1336.4, 2135.6, 101.60000000000001, 402.40000000000003, 1921.0499999999997]
[4289.200000000001, -4289.200000000001, 20.95, 38.05, 1336.4, 2135.6, 101.60000000000001, 402.40000000000003, 1921.0499999999997]
[4289.200000000001, -4289.200000000001, 20.95, 38.05, 1336.4, 2135.6, 101.60000000000001, 402.40000000000003, 1921.0499999999997]
[4289.200000000001, -4289.200000000001, 20.95, 38.05, 1336.4, 2135.6, 101.60000000000001, 402.40000000000003, 1921.0499999999997]
[3365.5499999999997, -3365.5499999999997, 44.699999999999996, 253.29999999999998, 2310.0499999999997, 3867.9500000000007, 223.49999999999997, 742.5, 2539.3]
[3365.5499999999997, -3365.5499999999997, 44.699999999999996, 253.29999999999998, 2310.0499999999997, 3867.9500000000007, 223.49999999999997, 742.5, 2539.3]
[3365.5499999999997, -3365.5499999999997, 44.699999999999996, 253.29999999999998, 2310.0499999999997, 3867.9500000000007, 223.49999999999997, 742.5, 2539.3]
[3365.5499999999997, -3365.5499999999997, 44.699999999999996, 253.29999999999998, 2310.0499999999997, 3867.9500000000007, 223.49999999999997, 742.5, 2539.3]
[3365.5499999999997, -3365.5499999999997, 44.699999999999996, 253.29999999999998, 2310.0499999999997, 3867.9500000000007, 223.49999999999997, 742.5, 2539.3]
[3365.5499999999997, -3365.5499999999997, 44.699999999999996, 253.29999999999998, 2310.0499999999997, 3867.9500000000007, 223.49999999999997, 742.5, 2539.3]
[3365.5499999999997, -3365.5499999999997, 44.699999999999996, 253.29999999999998, 2310.0499999999997, 3867.9500000000007, 223.49999999999997, 742.5, 2539.3]
[3365.5499999999997, -3365.5499999999997, 44.699999999999996, 253.29999999999998, 2310.0499999999997, 3867.9500000000007, 223.49999999999997, 742.5, 2539.3]
[5928.0, -5928.0, 0, 0, 0, 0, 0, 0, 0]
[5928.0, -5928.0, 0, 0, 0, 0, 0, 0, 0]
[5928.0, -5928.0, 0, 0, 0, 0, 0, 0, 0]
[5928.0, -5928.0, 0, 0, 0, 0, 0, 0, 0]
[5928.0, -5928.0, 0, 0, 0, 0, 0, 0, 0]
[5928.0, -5928.0, 0, 0, 0, 0, 0, 0, 0]
[5928.0, -5928.0, 0, 0, 0, 0, 0, 0, 0]
[5928.0, -5928.0, 0, 0, 0, 0, 0, 0, 0]
[5089.299999999999, -5089.299999999999, 2.8, 1.2, 1113.0500000000002, 1764.9499999999998, 13.65, 757.35, 1033.3]
[5089.299999999999, -5089.299999999999, 2.8, 1.2, 1113.0500000000002, 1764.9499999999998, 13.65, 757.35, 1033.3]
[5089.299999999999, -5089.299999999999, 2.8, 1.2, 1113.0500000000002, 1764.9499999999998, 13.65, 757.35, 1033.3]
[5089.299999999999, -5089.299999999999, 2.8, 1.2, 1113.0500000000002, 1764.9499999999998, 13.65, 757.35, 1033.3]
[5089.299999999999, -5089.299999999999, 2.8, 1.2, 1113.0500000000002, 1764.9499999999998, 13.65, 757.35, 1033.3]
[5089.299999999999, -5089.299999999999, 2.8, 1.2, 1113.0500000000002, 1764.9499999999998, 13.65, 757.35, 1033.3]
[5089.299999999999, -5089.299999999999, 2.8, 1.2, 1113.0500000000002, 1764.9499999999998, 13.65, 757.35, 1033.3]
[5089.299999999999, -5089.299999999999, 2.8, 1.2, 1113.0500000000002, 1764.9499999999998, 13.65, 757.35, 1033.3]
[5961.4, -5961.4, 17.3, 47.7, 1646.1, 2651.9, 36.2, 1382.8000000000002, 613.65]
[5961.4, -5961.4, 17.3, 47.7, 1646.1, 2651.9, 36.2, 1382.8000000000002, 613.65]
[5961.4, -5961.4, 17.3, 47.7, 1646.1, 2651.9, 36.2, 1382.8000000000002, 613.65]
[5961.4, -5961.4, 17.3, 47.7, 1646.1, 2651.9, 36.2, 1382.8000000000002, 613.65]
[5961.4, -5961.4, 17.3, 47.7, 1646.1, 2651.9, 36.2, 1382.8000000000002, 613.65]
[5961.4, -5961.4, 17.3, 47.7, 1646.1, 2651.9, 36.2, 1382.8000000000002, 613.65]
[5961.4, -5961.4, 17.3, 47.7, 1646.1, 2651.9, 36.2, 1382.8000000000002, 613.65]
[5961.4, -5961.4, 17.3, 47.7, 1646.1, 2651.9, 36.2, 1382.8000000000002, 613.65]
[5614.95, -5614.95, 10.4, 31.6, 1567.05, 2708.9500000000003, 46.95, 1426.05, 1834.8]
[5614.95, -5614.95, 10.4, 31.6, 1567.05, 2708.9500000000003, 46.95, 1426.05, 1834.8]
[5614.95, -5614.95, 10.4, 31.6, 1567.05, 2708.9500000000003, 46.95, 1426.05, 1834.8]
[5614.95, -5614.95, 10.4, 31.6, 1567.05, 2708.9500000000003, 46.95, 1426.05, 1834.8]
[5614.95, -5614.95, 10.4, 31.6, 1567.05, 2708.9500000000003, 46.95, 1426.05, 1834.8]
[5614.95, -5614.95, 10.4, 31.6, 1567.05, 2708.9500000000003, 46.95, 1426.05, 1834.8]
[5614.95, -5614.95, 10.4, 31.6, 1567.05, 2708.9500000000003, 46.95, 1426.05, 1834.8]
[5614.95, -5614.95, 10.4, 31.6, 1567.05, 2708.9500000000003, 46.95, 1426.05, 1834.8]
[4230.45, -4230.45, 14.0, 56.0, 1674.0, 3144.0, 224.25, 1611.75, 1643.4]
[4230.45, -4230.45, 14.0, 56.0, 1674.0, 3144.0, 224.25, 1611.75, 1643.4]
[4230.45, -4230.45, 14.0, 56.0, 1674.0, 3144.0, 224.25, 1611.75, 1643.4]
[4230.45, -4230.45, 14.0, 56.0, 1674.0, 3144.0, 224.25, 1611.75, 1643.4]
[4230.45, -4230.45, 14.0, 56.0, 1674.0, 3144.0, 224.25, 1611.75, 1643.4]
[4230.45, -4230.45, 14.0, 56.0, 1674.0, 3144.0, 224.25, 1611.75, 1643.4]
[4230.45, -4230.45, 14.0, 56.0, 1674.0, 3144.0, 224.25, 1611.75, 1643.4]
[4230.45, -4230.45, 14.0, 56.0, 1674.0, 3144.0, 224.25, 1611.75, 1643.4]
[4567.35, -4567.35, 6.4, 25.6, 1053.3999999999999, 1704.6000000000001, 62.900000000000006, 1530.1, 1436.15]
[4567.35, -4567.35, 6.4, 25.6, 1053.3999999999999, 1704.6000000000001, 62.900000000000006, 1530.1, 1436.15]
[4567.35, -4567.35, 6.4, 25.6, 1053.3999999999999, 1704.6000000000001, 62.900000000000006, 1530.1, 1436.15]
[4567.35, -4567.35, 6.4, 25.6, 1053.3999999999999, 1704.6000000000001, 62.900000000000006, 1530.1, 1436.15]
[4567.35, -4567.35, 6.4, 25.6, 1053.3999999999999, 1704.6000000000001, 62.900000000000006, 1530.1, 1436.15]
[4567.35, -4567.35, 6.4, 25.6, 1053.3999999999999, 1704.6000000000001, 62.900000000000006, 1530.1, 1436.15]
[4567.35, -4567.35, 6.4, 25.6, 1053.3999999999999, 1704.6000000000001, 62.900000000000006, 1530.1, 1436.15]
[4567.35, -4567.35, 6.4, 25.6, 1053.3999999999999, 1704.6000000000001, 62.900000000000006, 1530.1, 1436.15]
[3553.35, -3553.35, 10.4, 31.6, 2650.6, 4365.400000000001, 144.2, 1385.8000000000002, 2233.8500000000004]
[3553.35, -3553.35, 10.4, 31.6, 2650.6, 4365.400000000001, 144.2, 1385.8000000000002, 2233.8500000000004]
[3553.35, -3553.35, 10.4, 31.6, 2650.6, 4365.400000000001, 144.2, 1385.8000000000002, 2233.8500000000004]
[3553.35, -3553.35, 10.4, 31.6, 2650.6, 4365.400000000001, 144.2, 1385.8000000000002, 2233.8500000000004]
[3553.35, -3553.35, 10.4, 31.6, 2650.6, 4365.400000000001, 144.2, 1385.8000000000002, 2233.8500000000004]
[3553.35, -3553.35, 10.4, 31.6, 2650.6, 4365.400000000001, 144.2, 1385.8000000000002, 2233.8500000000004]
[3553.35, -3553.35, 10.4, 31.6, 2650.6, 4365.400000000001, 144.2, 1385.8000000000002, 2233.8500000000004]
[3553.35, -3553.35, 10.4, 31.6, 2650.6, 4365.400000000001, 144.2, 1385.8000000000002, 2233.8500000000004]
[5298.700000000001, -5298.700000000001, 6.8999999999999995, 16.099999999999998, 671.0500000000001, 1382.95, 170.6, 2478.4, 1448.9]
[5298.700000000001, -5298.700000000001, 6.8999999999999995, 16.099999999999998, 671.0500000000001, 1382.95, 170.6, 2478.4, 1448.9]
[5298.700000000001, -5298.700000000001, 6.8999999999999995, 16.099999999999998, 671.0500000000001, 1382.95, 170.6, 2478.4, 1448.9]
[5298.700000000001, -5298.700000000001, 6.8999999999999995, 16.099999999999998, 671.0500000000001, 1382.95, 170.6, 2478.4, 1448.9]
[5298.700000000001, -5298.700000000001, 6.8999999999999995, 16.099999999999998, 671.0500000000001, 1382.95, 170.6, 2478.4, 1448.9]
[5298.700000000001, -5298.700000000001, 6.8999999999999995, 16.099999999999998, 671.0500000000001, 1382.95, 170.6, 2478.4, 1448.9]
[5298.700000000001, -5298.700000000001, 6.8999999999999995, 16.099999999999998, 671.0500000000001, 1382.95, 170.6, 2478.4, 1448.9]
[5298.700000000001, -5298.700000000001, 6.8999999999999995, 16.099999999999998, 671.0500000000001, 1382.95, 170.6, 2478.4, 1448.9]
[4055.05, -4055.05, 0, 0, 2316.8999999999996, 4019.1, 299.6, 1344.4, 2167.55]
[4055.05, -4055.05, 0, 0, 2316.8999999999996, 4019.1, 299.6, 1344.4, 2167.55]
[4055.05, -4055.05, 0, 0, 2316.8999999999996, 4019.1, 299.6, 1344.4, 2167.55]
[4055.05, -4055.05, 0, 0, 2316.8999999999996, 4019.1, 299.6, 1344.4, 2167.55]
[4055.05, -4055.05, 0, 0, 2316.8999999999996, 4019.1, 299.6, 1344.4, 2167.55]
[4055.05, -4055.05, 0, 0, 2316.8999999999996, 4019.1, 299.6, 1344.4, 2167.55]
[4055.05, -4055.05, 0, 0, 2316.8999999999996, 4019.1, 299.6, 1344.4, 2167.55]
[4055.05, -4055.05, 0, 0, 2316.8999999999996, 4019.1, 299.6, 1344.4, 2167.55]
[4601.6, -4601.6, 39.0, 0.0, 1978.55, 2937.45, 200.25, 600.75, 2855.9]
[4601.6, -4601.6, 39.0, 0.0, 1978.55, 2937.45, 200.25, 600.75, 2855.9]
[4601.6, -4601.6, 39.0, 0.0, 1978.55, 2937.45, 200.25, 600.75, 2855.9]
[4601.6, -4601.6, 39.0, 0.0, 1978.55, 2937.45, 200.25, 600.75, 2855.9]
[4601.6, -4601.6, 39.0, 0.0, 1978.55, 2937.45, 200.25, 600.75, 2855.9]
[4601.6, -4601.6, 39.0, 0.0, 1978.55, 2937.45, 200.25, 600.75, 2855.9]
[4601.6, -4601.6, 39.0, 0.0, 1978.55, 2937.45, 200.25, 600.75, 2855.9]
[4601.6, -4601.6, 39.0, 0.0, 1978.55, 2937.45, 200.25, 600.75, 2855.9]
[4262.049999999999, -4262.049999999999, 12.799999999999999, 32.2, 1622.35, 2655.65, 15.6, 62.4, 2165.4]
[4262.049999999999, -4262.049999999999, 12.799999999999999, 32.2, 1622.35, 2655.65, 15.6, 62.4, 2165.4]
[4262.049999999999, -4262.049999999999, 12.799999999999999, 32.2, 1622.35, 2655.65, 15.6, 62.4, 2165.4]
[4262.049999999999, -4262.049999999999, 12.799999999999999, 32.2, 1622.35, 2655.65, 15.6, 62.4, 2165.4]
[4262.049999999999, -4262.049999999999, 12.799999999999999, 32.2, 1622.35, 2655.65, 15.6, 62.4, 2165.4]
[4262.049999999999, -4262.049999999999, 12.799999999999999, 32.2, 1622.35, 2655.65, 15.6, 62.4, 2165.4]
[4262.049999999999, -4262.049999999999, 12.799999999999999, 32.2, 1622.35, 2655.65, 15.6, 62.4, 2165.4]
[4262.049999999999, -4262.049999999999, 12.799999999999999, 32.2, 1622.35, 2655.65, 15.6, 62.4, 2165.4]
[4311.200000000001, -4311.200000000001, 0, 0, 2278.0, 4073.9999999999995, 544.2, 2659.8, 2371.5]
[4311.200000000001, -4311.200000000001, 0, 0, 2278.0, 4073.9999999999995, 544.2, 2659.8, 2371.5]
[4311.200000000001, -4311.200000000001, 0, 0, 2278.0, 4073.9999999999995, 544.2, 2659.8, 2371.5]
[4311.200000000001, -4311.200000000001, 0, 0, 2278.0, 4073.9999999999995, 544.2, 2659.8, 2371.5]
[4311.200000000001, -4311.200000000001, 0, 0, 2278.0, 4073.9999999999995, 544.2, 2659.8, 2371.5]
[4311.200000000001, -4311.200000000001, 0, 0, 2278.0, 4073.9999999999995, 544.2, 2659.8, 2371.5]
[4311.200000000001, -4311.200000000001, 0, 0, 2278.0, 4073.9999999999995, 544.2, 2659.8, 2371.5]
[4311.200000000001, -4311.200000000001, 0, 0, 2278.0, 4073.9999999999995, 544.2, 2659.8, 2371.5]
[2671.9, -2671.9, 7.6000000000000005, 30.400000000000002, 3363.9, 5610.1, 133.79999999999998, 1354.2, 3197.6]
[2671.9, -2671.9, 7.6000000000000005, 30.400000000000002, 3363.9, 5610.1, 133.79999999999998, 1354.2, 3197.6]
[2671.9, -2671.9, 7.6000000000000005, 30.400000000000002, 3363.9, 5610.1, 133.79999999999998, 1354.2, 3197.6]
[2671.9, -2671.9, 7.6000000000000005, 30.400000000000002, 3363.9, 5610.1, 133.79999999999998, 1354.2, 3197.6]
[2671.9, -2671.9, 7.6000000000000005, 30.400000000000002, 3363.9, 5610.1, 133.79999999999998, 1354.2, 3197.6]
[2671.9, -2671.9, 7.6000000000000005, 30.400000000000002, 3363.9, 5610.1, 133.79999999999998, 1354.2, 3197.6]
[2671.9, -2671.9, 7.6000000000000005, 30.400000000000002, 3363.9, 5610.1, 133.79999999999998, 1354.2, 3197.6]
[2671.9, -2671.9, 7.6000000000000005, 30.400000000000002, 3363.9, 5610.1, 133.79999999999998, 1354.2, 3197.6]
[4088.5, -4088.5, 149.65000000000003, 175.35000000000002, 1312.25, 2231.75, 210.45, 1970.55, 1927.95]
[4088.5, -4088.5, 149.65000000000003, 175.35000000000002, 1312.25, 2231.75, 210.45, 1970.55, 1927.95]
[4088.5, -4088.5, 149.65000000000003, 175.35000000000002, 1312.25, 2231.75, 210.45, 1970.55, 1927.95]
[4088.5, -4088.5, 149.65000000000003, 175.35000000000002, 1312.25, 2231.75, 210.45, 1970.55, 1927.95]
[4088.5, -4088.5, 149.65000000000003, 175.35000000000002, 1312.25, 2231.75, 210.45, 1970.55, 1927.95]
[4088.5, -4088.5, 149.65000000000003, 175.35000000000002, 1312.25, 2231.75, 210.45, 1970.55, 1927.95]
[4088.5, -4088.5, 149.65000000000003, 175.35000000000002, 1312.25, 2231.75, 210.45, 1970.55, 1927.95]
[4088.5, -4088.5, 149.65000000000003, 175.35000000000002, 1312.25, 2231.75, 210.45, 1970.55, 1927.95]
[4120.900000000001, -4120.900000000001, 13.299999999999999, 22.699999999999996, 175.45000000000002, 462.55, 303.65000000000003, 1703.3500000000004, 2186.7]
[4120.900000000001, -4120.900000000001, 13.299999999999999, 22.699999999999996, 175.45000000000002, 462.55, 303.65000000000003, 1703.3500000000004, 2186.7]
[4120.900000000001, -4120.900000000001, 13.299999999999999, 22.699999999999996, 175.45000000000002, 462.55, 303.65000000000003, 1703.3500000000004, 2186.7]
[4120.900000000001, -4120.900000000001, 13.299999999999999, 22.699999999999996, 175.45000000000002, 462.55, 303.65000000000003, 1703.3500000000004, 2186.7]
[4120.900000000001, -4120.900000000001, 13.299999999999999, 22.699999999999996, 175.45000000000002, 462.55, 303.65000000000003, 1703.3500000000004, 2186.7]
[4120.900000000001, -4120.900000000001, 13.299999999999999, 22.699999999999996, 175.45000000000002, 462.55, 303.65000000000003, 1703.3500000000004, 2186.7]
[4120.900000000001, -4120.900000000001, 13.299999999999999, 22.699999999999996, 175.45000000000002, 462.55, 303.65000000000003, 1703.3500000000004, 2186.7]
[4120.900000000001, -4120.900000000001, 13.299999999999999, 22.699999999999996, 175.45000000000002, 462.55, 303.65000000000003, 1703.3500000000004, 2186.7]
[3520.8500000000004, -3520.8500000000004, 12.35, 6.6499999999999995, 2464.0999999999995, 4473.9, 97.95, 1507.0500000000002, 2606.55]
[3520.8500000000004, -3520.8500000000004, 12.35, 6.6499999999999995, 2464.0999999999995, 4473.9, 97.95, 1507.0500000000002, 2606.55]
[3520.8500000000004, -3520.8500000000004, 12.35, 6.6499999999999995, 2464.0999999999995, 4473.9, 97.95, 1507.0500000000002, 2606.55]
[3520.8500000000004, -3520.8500000000004, 12.35, 6.6499999999999995, 2464.0999999999995, 4473.9, 97.95, 1507.0500000000002, 2606.55]
[3520.8500000000004, -3520.8500000000004, 12.35, 6.6499999999999995, 2464.0999999999995, 4473.9, 97.95, 1507.0500000000002, 2606.55]
[3520.8500000000004, -3520.8500000000004, 12.35, 6.6499999999999995, 2464.0999999999995, 4473.9, 97.95, 1507.0500000000002, 2606.55]
[3520.8500000000004, -3520.8500000000004, 12.35, 6.6499999999999995, 2464.0999999999995, 4473.9, 97.95, 1507.0500000000002, 2606.55]
[3520.8500000000004, -3520.8500000000004, 12.35, 6.6499999999999995, 2464.0999999999995, 4473.9, 97.95, 1507.0500000000002, 2606.55]
[8048.0, -8048.0, 0, 0, 0, 0, 0, 0, 0]
[8048.0, -8048.0, 0, 0, 0, 0, 0, 0, 0]
[8048.0, -8048.0, 0, 0, 0, 0, 0, 0, 0]
[8048.0, -8048.0, 0, 0, 0, 0, 0, 0, 0]
[8048.0, -8048.0, 0, 0, 0, 0, 0, 0, 0]
[8048.0, -8048.0, 0, 0, 0, 0, 0, 0, 0]
[8048.0, -8048.0, 0, 0, 0, 0, 0, 0, 0]
[8048.0, -8048.0, 0, 0, 0, 0, 0, 0, 0]
[3961.6999999999994, -3961.6999999999994, 154.05, 28.95, 1903.1, 3052.9, 0, 0, 1709.6]
[3961.6999999999994, -3961.6999999999994, 154.05, 28.95, 1903.1, 3052.9, 0, 0, 1709.6]
[3961.6999999999994, -3961.6999999999994, 154.05, 28.95, 1903.1, 3052.9, 0, 0, 1709.6]
[3961.6999999999994, -3961.6999999999994, 154.05, 28.95, 1903.1, 3052.9, 0, 0, 1709.6]
[3961.6999999999994, -3961.6999999999994, 154.05, 28.95, 1903.1, 3052.9, 0, 0, 1709.6]
[3961.6999999999994, -3961.6999999999994, 154.05, 28.95, 1903.1, 3052.9, 0, 0, 1709.6]
[3961.6999999999994, -3961.6999999999994, 154.05, 28.95, 1903.1, 3052.9, 0, 0, 1709.6]
[3961.6999999999994, -3961.6999999999994, 154.05, 28.95, 1903.1, 3052.9, 0, 0, 1709.6]
[5050.45, -5050.45, 15.55, 48.45, 1338.0, 2192.0, 26.1, 822.9, 1384.25]
[5050.45, -5050.45, 15.55, 48.45, 1338.0, 2192.0, 26.1, 822.9, 1384.25]
[5050.45, -5050.45, 15.55, 48.45, 1338.0, 2192.0, 26.1, 822.9, 1384.25]
[5050.45, -5050.45, 15.55, 48.45, 1338.0, 2192.0, 26.1, 822.9, 1384.25]
[5050.45, -5050.45, 15.55, 48.45, 1338.0, 2192.0, 26.1, 822.9, 1384.25]
[5050.45, -5050.45, 15.55, 48.45, 1338.0, 2192.0, 26.1, 822.9, 1384.25]
[5050.45, -5050.45, 15.55, 48.45, 1338.0, 2192.0, 26.1, 822.9, 1384.25]
[5050.45, -5050.45, 15.55, 48.45, 1338.0, 2192.0, 26.1, 822.9, 1384.25]
[3909.1, -3909.1, 64.65, 32.35, 1800.25, 3719.7500000000005, 52.099999999999994, 823.9000000000001, 1758.15]
[3909.1, -3909.1, 64.65, 32.35, 1800.25, 3719.7500000000005, 52.099999999999994, 823.9000000000001, 1758.15]
[3909.1, -3909.1, 64.65, 32.35, 1800.25, 3719.7500000000005, 52.099999999999994, 823.9000000000001, 1758.15]
[3909.1, -3909.1, 64.65, 32.35, 1800.25, 3719.7500000000005, 52.099999999999994, 823.9000000000001, 1758.15]
[3909.1, -3909.1, 64.65, 32.35, 1800.25, 3719.7500000000005, 52.099999999999994, 823.9000000000001, 1758.15]
[3909.1, -3909.1, 64.65, 32.35, 1800.25, 3719.7500000000005, 52.099999999999994, 823.9000000000001, 1758.15]
[3909.1, -3909.1, 64.65, 32.35, 1800.25, 3719.7500000000005, 52.099999999999994, 823.9000000000001, 1758.15]
[3909.1, -3909.1, 64.65, 32.35, 1800.25, 3719.7500000000005, 52.099999999999994, 823.9000000000001, 1758.15]
[2694.75, -2694.75, 15.05, 57.95, 2913.4999999999995, 4984.5, 180.65, 1859.35, 2007.5500000000002]
[2694.75, -2694.75, 15.05, 57.95, 2913.4999999999995, 4984.5, 180.65, 1859.35, 2007.5500000000002]
[2694.75, -2694.75, 15.05, 57.95, 2913.4999999999995, 4984.5, 180.65, 1859.35, 2007.5500000000002]
[2694.75, -2694.75, 15.05, 57.95, 2913.4999999999995, 4984.5, 180.65, 1859.35, 2007.5500000000002]
[2694.75, -2694.75, 15.05, 57.95, 2913.4999999999995, 4984.5, 180.65, 1859.35, 2007.5500000000002]
[2694.75, -2694.75, 15.05, 57.95, 2913.4999999999995, 4984.5, 180.65, 1859.35, 2007.5500000000002]
[2694.75, -2694.75, 15.05, 57.95, 2913.4999999999995, 4984.5, 180.65, 1859.35, 2007.5500000000002]
[2694.75, -2694.75, 15.05, 57.95, 2913.4999999999995, 4984.5, 180.65, 1859.35, 2007.5500000000002]
[4290.85, -4290.85, 42.5, 27.5, 2706.4, 4741.599999999999, 182.60000000000002, 2886.4, 1312.6000000000001]
[4290.85, -4290.85, 42.5, 27.5, 2706.4, 4741.599999999999, 182.60000000000002, 2886.4, 1312.6000000000001]
[4290.85, -4290.85, 42.5, 27.5, 2706.4, 4741.599999999999, 182.60000000000002, 2886.4, 1312.6000000000001]
[4290.85, -4290.85, 42.5, 27.5, 2706.4, 4741.599999999999, 182.60000000000002, 2886.4, 1312.6000000000001]
[4290.85, -4290.85, 42.5, 27.5, 2706.4, 4741.599999999999, 182.60000000000002, 2886.4, 1312.6000000000001]
[4290.85, -4290.85, 42.5, 27.5, 2706.4, 4741.599999999999, 182.60000000000002, 2886.4, 1312.6000000000001]
[4290.85, -4290.85, 42.5, 27.5, 2706.4, 4741.599999999999, 182.60000000000002, 2886.4, 1312.6000000000001]
[4290.85, -4290.85, 42.5, 27.5, 2706.4, 4741.599999999999, 182.60000000000002, 2886.4, 1312.6000000000001]
[3090.4, -3090.4, 84.45, 56.550000000000004, 2425.15, 4700.849999999999, 12.0, 78.0, 2707.9]
[3090.4, -3090.4, 84.45, 56.550000000000004, 2425.15, 4700.849999999999, 12.0, 78.0, 2707.9]
[3090.4, -3090.4, 84.45, 56.550000000000004, 2425.15, 4700.849999999999, 12.0, 78.0, 2707.9]
[3090.4, -3090.4, 84.45, 56.550000000000004, 2425.15, 4700.849999999999, 12.0, 78.0, 2707.9]
[3090.4, -3090.4, 84.45, 56.550000000000004, 2425.15, 4700.849999999999, 12.0, 78.0, 2707.9]
[3090.4, -3090.4, 84.45, 56.550000000000004, 2425.15, 4700.849999999999, 12.0, 78.0, 2707.9]
[3090.4, -3090.4, 84.45, 56.550000000000004, 2425.15, 4700.849999999999, 12.0, 78.0, 2707.9]
[3090.4, -3090.4, 84.45, 56.550000000000004, 2425.15, 4700.849999999999, 12.0, 78.0, 2707.9]
[4023.4, -4023.4, 8.95, 22.049999999999997, 2908.15, 4879.85, 211.4, 1708.6, 1517.95]
[4023.4, -4023.4, 8.95, 22.049999999999997, 2908.15, 4879.85, 211.4, 1708.6, 1517.95]
[4023.4, -4023.4, 8.95, 22.049999999999997, 2908.15, 4879.85, 211.4, 1708.6, 1517.95]
[4023.4, -4023.4, 8.95, 22.049999999999997, 2908.15, 4879.85, 211.4, 1708.6, 1517.95]
[4023.4, -4023.4, 8.95, 22.049999999999997, 2908.15, 4879.85, 211.4, 1708.6, 1517.95]
[4023.4, -4023.4, 8.95, 22.049999999999997, 2908.15, 4879.85, 211.4, 1708.6, 1517.95]
[4023.4, -4023.4, 8.95, 22.049999999999997, 2908.15, 4879.85, 211.4, 1708.6, 1517.95]
[4023.4, -4023.4, 8.95, 22.049999999999997, 2908.15, 4879.85, 211.4, 1708.6, 1517.95]
[3378.4, -3378.4, 0, 0, 1264.75, 3299.25, 163.39999999999998, 1339.6000000000001, 2580.2000000000003]
[3378.4, -3378.4, 0, 0, 1264.75, 3299.25, 163.39999999999998, 1339.6000000000001, 2580.2000000000003]
[3378.4, -3378.4, 0, 0, 1264.75, 3299.25, 163.39999999999998, 1339.6000000000001, 2580.2000000000003]
[3378.4, -3378.4, 0, 0, 1264.75, 3299.25, 163.39999999999998, 1339.6000000000001, 2580.2000000000003]
[3378.4, -3378.4, 0, 0, 1264.75, 3299.25, 163.39999999999998, 1339.6000000000001, 2580.2000000000003]
[3378.4, -3378.4, 0, 0, 1264.75, 3299.25, 163.39999999999998, 1339.6000000000001, 2580.2000000000003]
[3378.4, -3378.4, 0, 0, 1264.75, 3299.25, 163.39999999999998, 1339.6000000000001, 2580.2000000000003]
[3378.4, -3378.4, 0, 0, 1264.75, 3299.25, 163.39999999999998, 1339.6000000000001, 2580.2000000000003]
[2620.4, -2620.4, 76.85, 26.150000000000002, 3337.95, 6172.049999999999, 443.75, 1365.25, 2302.9]
[2620.4, -2620.4, 76.85, 26.150000000000002, 3337.95, 6172.049999999999, 443.75, 1365.25, 2302.9]
[2620.4, -2620.4, 76.85, 26.150000000000002, 3337.95, 6172.049999999999, 443.75, 1365.25, 2302.9]
[2620.4, -2620.4, 76.85, 26.150000000000002, 3337.95, 6172.049999999999, 443.75, 1365.25, 2302.9]
[2620.4, -2620.4, 76.85, 26.150000000000002, 3337.95, 6172.049999999999, 443.75, 1365.25, 2302.9]
[2620.4, -2620.4, 76.85, 26.150000000000002, 3337.95, 6172.049999999999, 443.75, 1365.25, 2302.9]
[2620.4, -2620.4, 76.85, 26.150000000000002, 3337.95, 6172.049999999999, 443.75, 1365.25, 2302.9]
[2620.4, -2620.4, 76.85, 26.150000000000002, 3337.95, 6172.049999999999, 443.75, 1365.25, 2302.9]
[3016.1500000000005, -3016.1500000000005, 171.20000000000002, 59.8, 2994.55, 5227.45, 59.400000000000006, 1557.6, 1373.8]
[3016.1500000000005, -3016.1500000000005, 171.20000000000002, 59.8, 2994.55, 5227.45, 59.400000000000006, 1557.6, 1373.8]
[3016.1500000000005, -3016.1500000000005, 171.20000000000002, 59.8, 2994.55, 5227.45, 59.400000000000006, 1557.6, 1373.8]
[3016.1500000000005, -3016.1500000000005, 171.20000000000002, 59.8, 2994.55, 5227.45, 59.400000000000006, 1557.6, 1373.8]
[3016.1500000000005, -3016.1500000000005, 171.20000000000002, 59.8, 2994.55, 5227.45, 59.400000000000006, 1557.6, 1373.8]
[3016.1500000000005, -3016.1500000000005, 171.20000000000002, 59.8, 2994.55, 5227.45, 59.400000000000006, 1557.6, 1373.8]
[3016.1500000000005, -3016.1500000000005, 171.20000000000002, 59.8, 2994.55, 5227.45, 59.400000000000006, 1557.6, 1373.8]
[3016.1500000000005, -3016.1500000000005, 171.20000000000002, 59.8, 2994.55, 5227.45, 59.400000000000006, 1557.6, 1373.8]
[3987.6000000000004, -3987.6000000000004, 35.1, 3.9000000000000004, 1853.1000000000001, 3680.9, 392.90000000000003, 2151.1, 1463.45]
[3987.6000000000004, -3987.6000000000004, 35.1, 3.9000000000000004, 1853.1000000000001, 3680.9, 392.90000000000003, 2151.1, 1463.45]
[3987.6000000000004, -3987.6000000000004, 35.1, 3.9000000000000004, 1853.1000000000001, 3680.9, 392.90000000000003, 2151.1, 1463.45]
[3987.6000000000004, -3987.6000000000004, 35.1, 3.9000000000000004, 1853.1000000000001, 3680.9, 392.90000000000003, 2151.1, 1463.45]
[3987.6000000000004, -3987.6000000000004, 35.1, 3.9000000000000004, 1853.1000000000001, 3680.9, 392.90000000000003, 2151.1, 1463.45]
[3987.6000000000004, -3987.6000000000004, 35.1, 3.9000000000000004, 1853.1000000000001, 3680.9, 392.90000000000003, 2151.1, 1463.45]
[3987.6000000000004, -3987.6000000000004, 35.1, 3.9000000000000004, 1853.1000000000001, 3680.9, 392.90000000000003, 2151.1, 1463.45]
[3987.6000000000004, -3987.6000000000004, 35.1, 3.9000000000000004, 1853.1000000000001, 3680.9, 392.90000000000003, 2151.1, 1463.45]
[2506.45, -2506.45, 213.15000000000003, 106.85000000000001, 2107.1499999999996, 3394.85, 29.9, 882.1, 3131.25]
[2506.45, -2506.45, 213.15000000000003, 106.85000000000001, 2107.1499999999996, 3394.85, 29.9, 882.1, 3131.25]
[2506.45, -2506.45, 213.15000000000003, 106.85000000000001, 2107.1499999999996, 3394.85, 29.9, 882.1, 3131.25]
[2506.45, -2506.45, 213.15000000000003, 106.85000000000001, 2107.1499999999996, 3394.85, 29.9, 882.1, 3131.25]
[2506.45, -2506.45, 213.15000000000003, 106.85000000000001, 2107.1499999999996, 3394.85, 29.9, 882.1, 3131.25]
[2506.45, -2506.45, 213.15000000000003, 106.85000000000001, 2107.1499999999996, 3394.85, 29.9, 882.1, 3131.25]
[2506.45, -2506.45, 213.15000000000003, 106.85000000000001, 2107.1499999999996, 3394.85, 29.9, 882.1, 3131.25]
[2506.45, -2506.45, 213.15000000000003, 106.85000000000001, 2107.1499999999996, 3394.85, 29.9, 882.1, 3131.25]
[3070.9, -3070.9, 139.7, 388.3, 1387.95, 2234.0499999999997, 130.35, 1342.65, 2581.2]
[3070.9, -3070.9, 139.7, 388.3, 1387.95, 2234.0499999999997, 130.35, 1342.65, 2581.2]
[3070.9, -3070.9, 139.7, 388.3, 1387.95, 2234.0499999999997, 130.35, 1342.65, 2581.2]
[3070.9, -3070.9, 139.7, 388.3, 1387.95, 2234.0499999999997, 130.35, 1342.65, 2581.2]
[3070.9, -3070.9, 139.7, 388.3, 1387.95, 2234.0499999999997, 130.35, 1342.65, 2581.2]
[3070.9, -3070.9, 139.7, 388.3, 1387.95, 2234.0499999999997, 130.35, 1342.65, 2581.2]
[3070.9, -3070.9, 139.7, 388.3, 1387.95, 2234.0499999999997, 130.35, 1342.65, 2581.2]
[3070.9, -3070.9, 139.7, 388.3, 1387.95, 2234.0499999999997, 130.35, 1342.65, 2581.2]
[3393.75, -3393.75, 48.199999999999996, 50.800000000000004, 1928.6000000000001, 3729.4, 129.85, 1157.1499999999999, 2322.55]
[3393.75, -3393.75, 48.199999999999996, 50.800000000000004, 1928.6000000000001, 3729.4, 129.85, 1157.1499999999999, 2322.55]
[3393.75, -3393.75, 48.199999999999996, 50.800000000000004, 1928.6000000000001, 3729.4, 129.85, 1157.1499999999999, 2322.55]
[3393.75, -3393.75, 48.199999999999996, 50.800000000000004, 1928.6000000000001, 3729.4, 129.85, 1157.1499999999999, 2322.55]
[3393.75, -3393.75, 48.199999999999996, 50.800000000000004, 1928.6000000000001, 3729.4, 129.85, 1157.1499999999999, 2322.55]
[3393.75, -3393.75, 48.199999999999996, 50.800000000000004, 1928.6000000000001, 3729.4, 129.85, 1157.1499999999999, 2322.55]
[3393.75, -3393.75, 48.199999999999996, 50.800000000000004, 1928.6000000000001, 3729.4, 129.85, 1157.1499999999999, 2322.55]
[3393.75, -3393.75, 48.199999999999996, 50.800000000000004, 1928.6000000000001, 3729.4, 129.85, 1157.1499999999999, 2322.55]
[2848.1499999999996, -2848.1499999999996, 208.85000000000002, 30.15, 2841.6, 5138.4, 350.0, 2716.0, 2160.3999999999996]
[2848.1499999999996, -2848.1499999999996, 208.85000000000002, 30.15, 2841.6, 5138.4, 350.0, 2716.0, 2160.3999999999996]
[2848.1499999999996, -2848.1499999999996, 208.85000000000002, 30.15, 2841.6, 5138.4, 350.0, 2716.0, 2160.3999999999996]
[2848.1499999999996, -2848.1499999999996, 208.85000000000002, 30.15, 2841.6, 5138.4, 350.0, 2716.0, 2160.3999999999996]
[2848.1499999999996, -2848.1499999999996, 208.85000000000002, 30.15, 2841.6, 5138.4, 350.0, 2716.0, 2160.3999999999996]
[2848.1499999999996, -2848.1499999999996, 208.85000000000002, 30.15, 2841.6, 5138.4, 350.0, 2716.0, 2160.3999999999996]
[2848.1499999999996, -2848.1499999999996, 208.85000000000002, 30.15, 2841.6, 5138.4, 350.0, 2716.0, 2160.3999999999996]
[2848.1499999999996, -2848.1499999999996, 208.85000000000002, 30.15, 2841.6, 5138.4, 350.0, 2716.0, 2160.3999999999996]
[1552.0, -1552.0, 0, 0, 0, 0, 0, 0, 0]
[1552.0, -1552.0, 0, 0, 0, 0, 0, 0, 0]
[1552.0, -1552.0, 0, 0, 0, 0, 0, 0, 0]
[1552.0, -1552.0, 0, 0, 0, 0, 0, 0, 0]
[1552.0, -1552.0, 0, 0, 0, 0, 0, 0, 0]
[1552.0, -1552.0, 0, 0, 0, 0, 0, 0, 0]
[1552.0, -1552.0, 0, 0, 0, 0, 0, 0, 0]
[1552.0, -1552.0, 0, 0, 0, 0, 0, 0, 0]
[2887.5999999999995, -2887.5999999999995, 0, 0, 2720.45, 4395.55, 6.1, 23.9, 2396.7999999999997]
[2887.5999999999995, -2887.5999999999995, 0, 0, 2720.45, 4395.55, 6.1, 23.9, 2396.7999999999997]
[2887.5999999999995, -2887.5999999999995, 0, 0, 2720.45, 4395.55, 6.1, 23.9, 2396.7999999999997]
[2887.5999999999995, -2887.5999999999995, 0, 0, 2720.45, 4395.55, 6.1, 23.9, 2396.7999999999997]
[2887.5999999999995, -2887.5999999999995, 0, 0, 2720.45, 4395.55, 6.1, 23.9, 2396.7999999999997]
[2887.5999999999995, -2887.5999999999995, 0, 0, 2720.45, 4395.55, 6.1, 23.9, 2396.7999999999997]
[2887.5999999999995, -2887.5999999999995, 0, 0, 2720.45, 4395.55, 6.1, 23.9, 2396.7999999999997]
[2887.5999999999995, -2887.5999999999995, 0, 0, 2720.45, 4395.55, 6.1, 23.9, 2396.7999999999997]
[4475.000000000001, -4475.000000000001, 7.35, 13.650000000000002, 2215.65, 3502.3500000000004, 48.599999999999994, 809.4, 866.85]
[4475.000000000001, -4475.000000000001, 7.35, 13.650000000000002, 2215.65, 3502.3500000000004, 48.599999999999994, 809.4, 866.85]
[4475.000000000001, -4475.000000000001, 7.35, 13.650000000000002, 2215.65, 3502.3500000000004, 48.599999999999994, 809.4, 866.85]
[4475.000000000001, -4475.000000000001, 7.35, 13.650000000000002, 2215.65, 3502.3500000000004, 48.599999999999994, 809.4, 866.85]
[4475.000000000001, -4475.000000000001, 7.35, 13.650000000000002, 2215.65, 3502.3500000000004, 48.599999999999994, 809.4, 866.85]
[4475.000000000001, -4475.000000000001, 7.35, 13.650000000000002, 2215.65, 3502.3500000000004, 48.599999999999994, 809.4, 866.85]
[4475.000000000001, -4475.000000000001, 7.35, 13.650000000000002, 2215.65, 3502.3500000000004, 48.599999999999994, 809.4, 866.85]
[4475.000000000001, -4475.000000000001, 7.35, 13.650000000000002, 2215.65, 3502.3500000000004, 48.599999999999994, 809.4, 866.85]
[2473.3999999999996, -2473.3999999999996, 57.05, 1.9500000000000002, 3260.4, 5165.6, 37.1, 676.9, 2231.5]
[2473.3999999999996, -2473.3999999999996, 57.05, 1.9500000000000002, 3260.4, 5165.6, 37.1, 676.9, 2231.5]
[2473.3999999999996, -2473.3999999999996, 57.05, 1.9500000000000002, 3260.4, 5165.6, 37.1, 676.9, 2231.5]
[2473.3999999999996, -2473.3999999999996, 57.05, 1.9500000000000002, 3260.4, 5165.6, 37.1, 676.9, 2231.5]
[2473.3999999999996, -2473.3999999999996, 57.05, 1.9500000000000002, 3260.4, 5165.6, 37.1, 676.9, 2231.5]
[2473.3999999999996, -2473.3999999999996, 57.05, 1.9500000000000002, 3260.4, 5165.6, 37.1, 676.9, 2231.5]
[2473.3999999999996, -2473.3999999999996, 57.05, 1.9500000000000002, 3260.4, 5165.6, 37.1, 676.9, 2231.5]
[2473.3999999999996, -2473.3999999999996, 57.05, 1.9500000000000002, 3260.4, 5165.6, 37.1, 676.9, 2231.5]
[3010.1499999999996, -3010.1499999999996, 244.05, 90.95, 3194.8499999999995, 5289.150000000001, 49.400000000000006, 1432.6, 1163.1]
[3010.1499999999996, -3010.1499999999996, 244.05, 90.95, 3194.8499999999995, 5289.150000000001, 49.400000000000006, 1432.6, 1163.1]
[3010.1499999999996, -3010.1499999999996, 244.05, 90.95, 3194.8499999999995, 5289.150000000001, 49.400000000000006, 1432.6, 1163.1]
[3010.1499999999996, -3010.1499999999996, 244.05, 90.95, 3194.8499999999995, 5289.150000000001, 49.400000000000006, 1432.6, 1163.1]
[3010.1499999999996, -3010.1499999999996, 244.05, 90.95, 3194.8499999999995, 5289.150000000001, 49.400000000000006, 1432.6, 1163.1]
[3010.1499999999996, -3010.1499999999996, 244.05, 90.95, 3194.8499999999995, 5289.150000000001, 49.400000000000006, 1432.6, 1163.1]
[3010.1499999999996, -3010.1499999999996, 244.05, 90.95, 3194.8499999999995, 5289.150000000001, 49.400000000000006, 1432.6, 1163.1]
[3010.1499999999996, -3010.1499999999996, 244.05, 90.95, 3194.8499999999995, 5289.150000000001, 49.400000000000006, 1432.6, 1163.1]
[3719.3500000000004, -3719.3500000000004, 91.9, 70.10000000000001, 1168.8000000000002, 2825.2000000000003, 103.75, 1531.25, 1926.3500000000001]
[3719.3500000000004, -3719.3500000000004, 91.9, 70.10000000000001, 1168.8000000000002, 2825.2000000000003, 103.75, 1531.25, 1926.3500000000001]
[3719.3500000000004, -3719.3500000000004, 91.9, 70.10000000000001, 1168.8000000000002, 2825.2000000000003, 103.75, 1531.25, 1926.3500000000001]
[3719.3500000000004, -3719.3500000000004, 91.9, 70.10000000000001, 1168.8000000000002, 2825.2000000000003, 103.75, 1531.25, 1926.3500000000001]
[3719.3500000000004, -3719.3500000000004, 91.9, 70.10000000000001, 1168.8000000000002, 2825.2000000000003, 103.75, 1531.25, 1926.3500000000001]
[3719.3500000000004, -3719.3500000000004, 91.9, 70.10000000000001, 1168.8000000000002, 2825.2000000000003, 103.75, 1531.25, 1926.3500000000001]
[3719.3500000000004, -3719.3500000000004, 91.9, 70.10000000000001, 1168.8000000000002, 2825.2000000000003, 103.75, 1531.25, 1926.3500000000001]
[3719.3500000000004, -3719.3500000000004, 91.9, 70.10000000000001, 1168.8000000000002, 2825.2000000000003, 103.75, 1531.25, 1926.3500000000001]
[1866.9999999999995, -1866.9999999999995, 264.05, 46.95, 3653.35, 6814.65, 53.7, 786.3, 1382.0]
[1866.9999999999995, -1866.9999999999995, 264.05, 46.95, 3653.35, 6814.65, 53.7, 786.3, 1382.0]
[1866.9999999999995, -1866.9999999999995, 264.05, 46.95, 3653.35, 6814.65, 53.7, 786.3, 1382.0]
[1866.9999999999995, -1866.9999999999995, 264.05, 46.95, 3653.35, 6814.65, 53.7, 786.3, 1382.0]
[1866.9999999999995, -1866.9999999999995, 264.05, 46.95, 3653.35, 6814.65, 53.7, 786.3, 1382.0]
[1866.9999999999995, -1866.9999999999995, 264.05, 46.95, 3653.35, 6814.65, 53.7, 786.3, 1382.0]
[1866.9999999999995, -1866.9999999999995, 264.05, 46.95, 3653.35, 6814.65, 53.7, 786.3, 1382.0]
[1866.9999999999995, -1866.9999999999995, 264.05, 46.95, 3653.35, 6814.65, 53.7, 786.3, 1382.0]
[2379.55, -2379.55, 6.3, 11.700000000000001, 3495.5500000000006, 6224.45, 63.45, 1475.55, 1754.1499999999999]
[2379.55, -2379.55, 6.3, 11.700000000000001, 3495.5500000000006, 6224.45, 63.45, 1475.55, 1754.1499999999999]
[2379.55, -2379.55, 6.3, 11.700000000000001, 3495.5500000000006, 6224.45, 63.45, 1475.55, 1754.1499999999999]
[2379.55, -2379.55, 6.3, 11.700000000000001, 3495.5500000000006, 6224.45, 63.45, 1475.55, 1754.1499999999999]
[2379.55, -2379.55, 6.3, 11.700000000000001, 3495.5500000000006, 6224.45, 63.45, 1475.55, 1754.1499999999999]
[2379.55, -2379.55, 6.3, 11.700000000000001, 3495.5500000000006, 6224.45, 63.45, 1475.55, 1754.1499999999999]
[2379.55, -2379.55, 6.3, 11.700000000000001, 3495.5500000000006, 6224.45, 63.45, 1475.55, 1754.1499999999999]
[2379.55, -2379.55, 6.3, 11.700000000000001, 3495.5500000000006, 6224.45, 63.45, 1475.55, 1754.1499999999999]
[2480.6, -2480.6, 354.40000000000003, 62.60000000000001, 2402.75, 4853.249999999999, 481.95000000000005, 2251.05, 1756.1000000000001]
[2480.6, -2480.6, 354.40000000000003, 62.60000000000001, 2402.75, 4853.249999999999, 481.95000000000005, 2251.05, 1756.1000000000001]
[2480.6, -2480.6, 354.40000000000003, 62.60000000000001, 2402.75, 4853.249999999999, 481.95000000000005, 2251.05, 1756.1000000000001]
[2480.6, -2480.6, 354.40000000000003, 62.60000000000001, 2402.75, 4853.249999999999, 481.95000000000005, 2251.05, 1756.1000000000001]
[2480.6, -2480.6, 354.40000000000003, 62.60000000000001, 2402.75, 4853.249999999999, 481.95000000000005, 2251.05, 1756.1000000000001]
[2480.6, -2480.6, 354.40000000000003, 62.60000000000001, 2402.75, 4853.249999999999, 481.95000000000005, 2251.05, 1756.1000000000001]
[2480.6, -2480.6, 354.40000000000003, 62.60000000000001, 2402.75, 4853.249999999999, 481.95000000000005, 2251.05, 1756.1000000000001]
[2480.6, -2480.6, 354.40000000000003, 62.60000000000001, 2402.75, 4853.249999999999, 481.95000000000005, 2251.05, 1756.1000000000001]
[1244.0, -1244.0, 277.7, 82.3, 2792.7999999999997, 5061.2, 40.85, 748.15, 2756.85]
[1244.0, -1244.0, 277.7, 82.3, 2792.7999999999997, 5061.2, 40.85, 748.15, 2756.85]
[1244.0, -1244.0, 277.7, 82.3, 2792.7999999999997, 5061.2, 40.85, 748.15, 2756.85]
[1244.0, -1244.0, 277.7, 82.3, 2792.7999999999997, 5061.2, 40.85, 748.15, 2756.85]
[1244.0, -1244.0, 277.7, 82.3, 2792.7999999999997, 5061.2, 40.85, 748.15, 2756.85]
[1244.0, -1244.0, 277.7, 82.3, 2792.7999999999997, 5061.2, 40.85, 748.15, 2756.85]
[1244.0, -1244.0, 277.7, 82.3, 2792.7999999999997, 5061.2, 40.85, 748.15, 2756.85]
[1244.0, -1244.0, 277.7, 82.3, 2792.7999999999997, 5061.2, 40.85, 748.15, 2756.85]
[3442.55, -3442.55, 229.20000000000002, 125.80000000000001, 1930.1999999999998, 4403.8, 82.35, 1588.65, 1343.3]
[3442.55, -3442.55, 229.20000000000002, 125.80000000000001, 1930.1999999999998, 4403.8, 82.35, 1588.65, 1343.3]
[3442.55, -3442.55, 229.20000000000002, 125.80000000000001, 1930.1999999999998, 4403.8, 82.35, 1588.65, 1343.3]
[3442.55, -3442.55, 229.20000000000002, 125.80000000000001, 1930.1999999999998, 4403.8, 82.35, 1588.65, 1343.3]
[3442.55, -3442.55, 229.20000000000002, 125.80000000000001, 1930.1999999999998, 4403.8, 82.35, 1588.65, 1343.3]
[3442.55, -3442.55, 229.20000000000002, 125.80000000000001, 1930.1999999999998, 4403.8, 82.35, 1588.65, 1343.3]
[3442.55, -3442.55, 229.20000000000002, 125.80000000000001, 1930.1999999999998, 4403.8, 82.35, 1588.65, 1343.3]
[3442.55, -3442.55, 229.20000000000002, 125.80000000000001, 1930.1999999999998, 4403.8, 82.35, 1588.65, 1343.3]
[3422.0000000000005, -3422.0000000000005, 199.04999999999998, 396.95000000000005, 2778.65, 4867.349999999999, 442.65000000000003, 2203.35, 1303.05]
[3422.0000000000005, -3422.0000000000005, 199.04999999999998, 396.95000000000005, 2778.65, 4867.349999999999, 442.65000000000003, 2203.35, 1303.05]
[3422.0000000000005, -3422.0000000000005, 199.04999999999998, 396.95000000000005, 2778.65, 4867.349999999999, 442.65000000000003, 2203.35, 1303.05]
[3422.0000000000005, -3422.0000000000005, 199.04999999999998, 396.95000000000005, 2778.65, 4867.349999999999, 442.65000000000003, 2203.35, 1303.05]
[3422.0000000000005, -3422.0000000000005, 199.04999999999998, 396.95000000000005, 2778.65, 4867.349999999999, 442.65000000000003, 2203.35, 1303.05]
[3422.0000000000005, -3422.0000000000005, 199.04999999999998, 396.95000000000005, 2778.65, 4867.349999999999, 442.65000000000003, 2203.35, 1303.05]
[3422.0000000000005, -3422.0000000000005, 199.04999999999998, 396.95000000000005, 2778.65, 4867.349999999999, 442.65000000000003, 2203.35, 1303.05]
[3422.0000000000005, -3422.0000000000005, 199.04999999999998, 396.95000000000005, 2778.65, 4867.349999999999, 442.65000000000003, 2203.35, 1303.05]
[2152.7, -2152.7, 208.05000000000004, 46.95, 2552.1999999999994, 4523.8, 267.9, 1322.1, 2590.35]
[2152.7, -2152.7, 208.05000000000004, 46.95, 2552.1999999999994, 4523.8, 267.9, 1322.1, 2590.35]
[2152.7, -2152.7, 208.05000000000004, 46.95, 2552.1999999999994, 4523.8, 267.9, 1322.1, 2590.35]
[2152.7, -2152.7, 208.05000000000004, 46.95, 2552.1999999999994, 4523.8, 267.9, 1322.1, 2590.35]
[2152.7, -2152.7, 208.05000000000004, 46.95, 2552.1999999999994, 4523.8, 267.9, 1322.1, 2590.35]
[2152.7, -2152.7, 208.05000000000004, 46.95, 2552.1999999999994, 4523.8, 267.9, 1322.1, 2590.35]
[2152.7, -2152.7, 208.05000000000004, 46.95, 2552.1999999999994, 4523.8, 267.9, 1322.1, 2590.35]
[2152.7, -2152.7, 208.05000000000004, 46.95, 2552.1999999999994, 4523.8, 267.9, 1322.1, 2590.35]
[2237.75, -2237.75, 163.15, 231.85000000000002, 1654.35, 3121.65, 6.2, 59.800000000000004, 2981.7999999999993]
[2237.75, -2237.75, 163.15, 231.85000000000002, 1654.35, 3121.65, 6.2, 59.800000000000004, 2981.7999999999993]
[2237.75, -2237.75, 163.15, 231.85000000000002, 1654.35, 3121.65, 6.2, 59.800000000000004, 2981.7999999999993]
[2237.75, -2237.75, 163.15, 231.85000000000002, 1654.35, 3121.65, 6.2, 59.800000000000004, 2981.7999999999993]
[2237.75, -2237.75, 163.15, 231.85000000000002, 1654.35, 3121.65, 6.2, 59.800000000000004, 2981.7999999999993]
[2237.75, -2237.75, 163.15, 231.85000000000002, 1654.35, 3121.65, 6.2, 59.800000000000004, 2981.7999999999993]
[2237.75, -2237.75, 163.15, 231.85000000000002, 1654.35, 3121.65, 6.2, 59.800000000000004, 2981.7999999999993]
[2237.75, -2237.75, 163.15, 231.85000000000002, 1654.35, 3121.65, 6.2, 59.800000000000004, 2981.7999999999993]
[3588.6499999999996, -3588.6499999999996, 38.9, 45.1, 2660.6499999999996, 5465.35, 58.35, 1462.65, 1381.5]
[3588.6499999999996, -3588.6499999999996, 38.9, 45.1, 2660.6499999999996, 5465.35, 58.35, 1462.65, 1381.5]
[3588.6499999999996, -3588.6499999999996, 38.9, 45.1, 2660.6499999999996, 5465.35, 58.35, 1462.65, 1381.5]
[3588.6499999999996, -3588.6499999999996, 38.9, 45.1, 2660.6499999999996, 5465.35, 58.35, 1462.65, 1381.5]
[3588.6499999999996, -3588.6499999999996, 38.9, 45.1, 2660.6499999999996, 5465.35, 58.35, 1462.65, 1381.5]
[3588.6499999999996, -3588.6499999999996, 38.9, 45.1, 2660.6499999999996, 5465.35, 58.35, 1462.65, 1381.5]
[3588.6499999999996, -3588.6499999999996, 38.9, 45.1, 2660.6499999999996, 5465.35, 58.35, 1462.65, 1381.5]
[3588.6499999999996, -3588.6499999999996, 38.9, 45.1, 2660.6499999999996, 5465.35, 58.35, 1462.65, 1381.5]
[2386.05, -2386.05, 9.0, 4.0, 2327.6499999999996, 5400.35, 158.09999999999997, 2907.9000000000005, 2162.3500000000004]
[2386.05, -2386.05, 9.0, 4.0, 2327.6499999999996, 5400.35, 158.09999999999997, 2907.9000000000005, 2162.3500000000004]
[2386.05, -2386.05, 9.0, 4.0, 2327.6499999999996, 5400.35, 158.09999999999997, 2907.9000000000005, 2162.3500000000004]
[2386.05, -2386.05, 9.0, 4.0, 2327.6499999999996, 5400.35, 158.09999999999997, 2907.9000000000005, 2162.3500000000004]
[2386.05, -2386.05, 9.0, 4.0, 2327.6499999999996, 5400.35, 158.09999999999997, 2907.9000000000005, 2162.3500000000004]
[2386.05, -2386.05, 9.0, 4.0, 2327.6499999999996, 5400.35, 158.09999999999997, 2907.9000000000005, 2162.3500000000004]
[2386.05, -2386.05, 9.0, 4.0, 2327.6499999999996, 5400.35, 158.09999999999997, 2907.9000000000005, 2162.3500000000004]
[2386.05, -2386.05, 9.0, 4.0, 2327.6499999999996, 5400.35, 158.09999999999997, 2907.9000000000005, 2162.3500000000004]
[5256.0, -5256.0, 0, 0, 0, 0, 0, 0, 0]
[5256.0, -5256.0, 0, 0, 0, 0, 0, 0, 0]
[5256.0, -5256.0, 0, 0, 0, 0, 0, 0, 0]
[5256.0, -5256.0, 0, 0, 0, 0, 0, 0, 0]
[5256.0, -5256.0, 0, 0, 0, 0, 0, 0, 0]
[5256.0, -5256.0, 0, 0, 0, 0, 0, 0, 0]
[5256.0, -5256.0, 0, 0, 0, 0, 0, 0, 0]
[5256.0, -5256.0, 0, 0, 0, 0, 0, 0, 0]
[3793.1499999999996, -3793.1499999999996, 153.0, 27.0, 1697.25, 2554.75, 0, 0, 2251.05]
[3793.1499999999996, -3793.1499999999996, 153.0, 27.0, 1697.25, 2554.75, 0, 0, 2251.05]
[3793.1499999999996, -3793.1499999999996, 153.0, 27.0, 1697.25, 2554.75, 0, 0, 2251.05]
[3793.1499999999996, -3793.1499999999996, 153.0, 27.0, 1697.25, 2554.75, 0, 0, 2251.05]
[3793.1499999999996, -3793.1499999999996, 153.0, 27.0, 1697.25, 2554.75, 0, 0, 2251.05]
[3793.1499999999996, -3793.1499999999996, 153.0, 27.0, 1697.25, 2554.75, 0, 0, 2251.05]
[3793.1499999999996, -3793.1499999999996, 153.0, 27.0, 1697.25, 2554.75, 0, 0, 2251.05]
[3793.1499999999996, -3793.1499999999996, 153.0, 27.0, 1697.25, 2554.75, 0, 0, 2251.05]
[4305.8, -4305.8, 17.9, 53.1, 1638.2, 2587.8, 14.100000000000001, 39.900000000000006, 1313.0]
[4305.8, -4305.8, 17.9, 53.1, 1638.2, 2587.8, 14.100000000000001, 39.900000000000006, 1313.0]
[4305.8, -4305.8, 17.9, 53.1, 1638.2, 2587.8, 14.100000000000001, 39.900000000000006, 1313.0]
[4305.8, -4305.8, 17.9, 53.1, 1638.2, 2587.8, 14.100000000000001, 39.900000000000006, 1313.0]
[4305.8, -4305.8, 17.9, 53.1, 1638.2, 2587.8, 14.100000000000001, 39.900000000000006, 1313.0]
[4305.8, -4305.8, 17.9, 53.1, 1638.2, 2587.8, 14.100000000000001, 39.900000000000006, 1313.0]
[4305.8, -4305.8, 17.9, 53.1, 1638.2, 2587.8, 14.100000000000001, 39.900000000000006, 1313.0]
[4305.8, -4305.8, 17.9, 53.1, 1638.2, 2587.8, 14.100000000000001, 39.900000000000006, 1313.0]
[4137.549999999999, -4137.549999999999, 18.1, 39.900000000000006, 2032.7499999999998, 4123.25, 0, 0, 2260.0499999999997]
[4137.549999999999, -4137.549999999999, 18.1, 39.900000000000006, 2032.7499999999998, 4123.25, 0, 0, 2260.0499999999997]
[4137.549999999999, -4137.549999999999, 18.1, 39.900000000000006, 2032.7499999999998, 4123.25, 0, 0, 2260.0499999999997]
[4137.549999999999, -4137.549999999999, 18.1, 39.900000000000006, 2032.7499999999998, 4123.25, 0, 0, 2260.0499999999997]
[4137.549999999999, -4137.549999999999, 18.1, 39.900000000000006, 2032.7499999999998, 4123.25, 0, 0, 2260.0499999999997]
[4137.549999999999, -4137.549999999999, 18.1, 39.900000000000006, 2032.7499999999998, 4123.25, 0, 0, 2260.0499999999997]
[4137.549999999999, -4137.549999999999, 18.1, 39.900000000000006, 2032.7499999999998, 4123.25, 0, 0, 2260.0499999999997]
[4137.549999999999, -4137.549999999999, 18.1, 39.900000000000006, 2032.7499999999998, 4123.25, 0, 0, 2260.0499999999997]
[3321.2500000000005, -3321.2500000000005, 69.80000000000001, 124.2, 4013.8499999999995, 7274.150000000001, 95.65, 288.35, 1327.65]
[3321.2500000000005, -3321.2500000000005, 69.80000000000001, 124.2, 4013.8499999999995, 7274.150000000001, 95.65, 288.35, 1327.65]
[3321.2500000000005, -3321.2500000000005, 69.80000000000001, 124.2, 4013.8499999999995, 7274.150000000001, 95.65, 288.35, 1327.65]
[3321.2500000000005, -3321.2500000000005, 69.80000000000001, 124.2, 4013.8499999999995, 7274.150000000001, 95.65, 288.35, 1327.65]
[3321.2500000000005, -3321.2500000000005, 69.80000000000001, 124.2, 4013.8499999999995, 7274.150000000001, 95.65, 288.35, 1327.65]
[3321.2500000000005, -3321.2500000000005, 69.80000000000001, 124.2, 4013.8499999999995, 7274.150000000001, 95.65, 288.35, 1327.65]
[3321.2500000000005, -3321.2500000000005, 69.80000000000001, 124.2, 4013.8499999999995, 7274.150000000001, 95.65, 288.35, 1327.65]
[3321.2500000000005, -3321.2500000000005, 69.80000000000001, 124.2, 4013.8499999999995, 7274.150000000001, 95.65, 288.35, 1327.65]
[3796.3, -3796.3, 64.7, 96.30000000000001, 2472.35, 4777.65, 159.15, 2186.85, 1608.95]
[3796.3, -3796.3, 64.7, 96.30000000000001, 2472.35, 4777.65, 159.15, 2186.85, 1608.95]
[3796.3, -3796.3, 64.7, 96.30000000000001, 2472.35, 4777.65, 159.15, 2186.85, 1608.95]
[3796.3, -3796.3, 64.7, 96.30000000000001, 2472.35, 4777.65, 159.15, 2186.85, 1608.95]
[3796.3, -3796.3, 64.7, 96.30000000000001, 2472.35, 4777.65, 159.15, 2186.85, 1608.95]
[3796.3, -3796.3, 64.7, 96.30000000000001, 2472.35, 4777.65, 159.15, 2186.85, 1608.95]
[3796.3, -3796.3, 64.7, 96.30000000000001, 2472.35, 4777.65, 159.15, 2186.85, 1608.95]
[3796.3, -3796.3, 64.7, 96.30000000000001, 2472.35, 4777.65, 159.15, 2186.85, 1608.95]
[3046.9500000000003, -3046.9500000000003, 13.100000000000001, 34.900000000000006, 2940.4999999999995, 6151.5, 51.85, 767.15, 2531.0]
[3046.9500000000003, -3046.9500000000003, 13.100000000000001, 34.900000000000006, 2940.4999999999995, 6151.5, 51.85, 767.15, 2531.0]
[3046.9500000000003, -3046.9500000000003, 13.100000000000001, 34.900000000000006, 2940.4999999999995, 6151.5, 51.85, 767.15, 2531.0]
[3046.9500000000003, -3046.9500000000003, 13.100000000000001, 34.900000000000006, 2940.4999999999995, 6151.5, 51.85, 767.15, 2531.0]
[3046.9500000000003, -3046.9500000000003, 13.100000000000001, 34.900000000000006, 2940.4999999999995, 6151.5, 51.85, 767.15, 2531.0]
[3046.9500000000003, -3046.9500000000003, 13.100000000000001, 34.900000000000006, 2940.4999999999995, 6151.5, 51.85, 767.15, 2531.0]
[3046.9500000000003, -3046.9500000000003, 13.100000000000001, 34.900000000000006, 2940.4999999999995, 6151.5, 51.85, 767.15, 2531.0]
[3046.9500000000003, -3046.9500000000003, 13.100000000000001, 34.900000000000006, 2940.4999999999995, 6151.5, 51.85, 767.15, 2531.0]
[3621.65, -3621.65, 10.299999999999999, 22.7, 2548.6000000000004, 5203.400000000001, 298.65, 3184.35, 1892.15]
[3621.65, -3621.65, 10.299999999999999, 22.7, 2548.6000000000004, 5203.400000000001, 298.65, 3184.35, 1892.15]
[3621.65, -3621.65, 10.299999999999999, 22.7, 2548.6000000000004, 5203.400000000001, 298.65, 3184.35, 1892.15]
[3621.65, -3621.65, 10.299999999999999, 22.7, 2548.6000000000004, 5203.400000000001, 298.65, 3184.35, 1892.15]
[3621.65, -3621.65, 10.299999999999999, 22.7, 2548.6000000000004, 5203.400000000001, 298.65, 3184.35, 1892.15]
[3621.65, -3621.65, 10.299999999999999, 22.7, 2548.6000000000004, 5203.400000000001, 298.65, 3184.35, 1892.15]
[3621.65, -3621.65, 10.299999999999999, 22.7, 2548.6000000000004, 5203.400000000001, 298.65, 3184.35, 1892.15]
[3621.65, -3621.65, 10.299999999999999, 22.7, 2548.6000000000004, 5203.400000000001, 298.65, 3184.35, 1892.15]
[3172.0, -3172.0, 11.6, 8.399999999999999, 3866.2, 8211.800000000001, 0, 0, 1977.1499999999999]
[3172.0, -3172.0, 11.6, 8.399999999999999, 3866.2, 8211.800000000001, 0, 0, 1977.1499999999999]
[3172.0, -3172.0, 11.6, 8.399999999999999, 3866.2, 8211.800000000001, 0, 0, 1977.1499999999999]
[3172.0, -3172.0, 11.6, 8.399999999999999, 3866.2, 8211.800000000001, 0, 0, 1977.1499999999999]
[3172.0, -3172.0, 11.6, 8.399999999999999, 3866.2, 8211.800000000001, 0, 0, 1977.1499999999999]
[3172.0, -3172.0, 11.6, 8.399999999999999, 3866.2, 8211.800000000001, 0, 0, 1977.1499999999999]
[3172.0, -3172.0, 11.6, 8.399999999999999, 3866.2, 8211.800000000001, 0, 0, 1977.1499999999999]
[3172.0, -3172.0, 11.6, 8.399999999999999, 3866.2, 8211.800000000001, 0, 0, 1977.1499999999999]
[3867.4500000000003, -3867.4500000000003, 8.0, 7.0, 2330.15, 4403.85, 466.2999999999999, 1978.7, 1782.15]
[3867.4500000000003, -3867.4500000000003, 8.0, 7.0, 2330.15, 4403.85, 466.2999999999999, 1978.7, 1782.15]
[3867.4500000000003, -3867.4500000000003, 8.0, 7.0, 2330.15, 4403.85, 466.2999999999999, 1978.7, 1782.15]
[3867.4500000000003, -3867.4500000000003, 8.0, 7.0, 2330.15, 4403.85, 466.2999999999999, 1978.7, 1782.15]
[3867.4500000000003, -3867.4500000000003, 8.0, 7.0, 2330.15, 4403.85, 466.2999999999999, 1978.7, 1782.15]
[3867.4500000000003, -3867.4500000000003, 8.0, 7.0, 2330.15, 4403.85, 466.2999999999999, 1978.7, 1782.15]
[3867.4500000000003, -3867.4500000000003, 8.0, 7.0, 2330.15, 4403.85, 466.2999999999999, 1978.7, 1782.15]
[3867.4500000000003, -3867.4500000000003, 8.0, 7.0, 2330.15, 4403.85, 466.2999999999999, 1978.7, 1782.15]
[4772.35, -4772.35, 343.0, 298.0, 1264.65, 2555.35, 41.35, 798.65, 1333.8999999999999]
[4772.35, -4772.35, 343.0, 298.0, 1264.65, 2555.35, 41.35, 798.65, 1333.8999999999999]
[4772.35, -4772.35, 343.0, 298.0, 1264.65, 2555.35, 41.35, 798.65, 1333.8999999999999]
[4772.35, -4772.35, 343.0, 298.0, 1264.65, 2555.35, 41.35, 798.65, 1333.8999999999999]
[4772.35, -4772.35, 343.0, 298.0, 1264.65, 2555.35, 41.35, 798.65, 1333.8999999999999]
[4772.35, -4772.35, 343.0, 298.0, 1264.65, 2555.35, 41.35, 798.65, 1333.8999999999999]
[4772.35, -4772.35, 343.0, 298.0, 1264.65, 2555.35, 41.35, 798.65, 1333.8999999999999]
[4772.35, -4772.35, 343.0, 298.0, 1264.65, 2555.35, 41.35, 798.65, 1333.8999999999999]
[3267.85, -3267.85, 4.25, 12.75, 3555.899999999999, 6722.1, 292.85, 1642.15, 2161.9999999999995]
[3267.85, -3267.85, 4.25, 12.75, 3555.899999999999, 6722.1, 292.85, 1642.15, 2161.9999999999995]
[3267.85, -3267.85, 4.25, 12.75, 3555.899999999999, 6722.1, 292.85, 1642.15, 2161.9999999999995]
[3267.85, -3267.85, 4.25, 12.75, 3555.899999999999, 6722.1, 292.85, 1642.15, 2161.9999999999995]
[3267.85, -3267.85, 4.25, 12.75, 3555.899999999999, 6722.1, 292.85, 1642.15, 2161.9999999999995]
[3267.85, -3267.85, 4.25, 12.75, 3555.899999999999, 6722.1, 292.85, 1642.15, 2161.9999999999995]
[3267.85, -3267.85, 4.25, 12.75, 3555.899999999999, 6722.1, 292.85, 1642.15, 2161.9999999999995]
[3267.85, -3267.85, 4.25, 12.75, 3555.899999999999, 6722.1, 292.85, 1642.15, 2161.9999999999995]
[2848.6, -2848.6, 333.40000000000003, 232.6, 3101.4999999999995, 6236.500000000001, 4.4, 19.6, 2390.2000000000003]
[2848.6, -2848.6, 333.40000000000003, 232.6, 3101.4999999999995, 6236.500000000001, 4.4, 19.6, 2390.2000000000003]
[2848.6, -2848.6, 333.40000000000003, 232.6, 3101.4999999999995, 6236.500000000001, 4.4, 19.6, 2390.2000000000003]
[2848.6, -2848.6, 333.40000000000003, 232.6, 3101.4999999999995, 6236.500000000001, 4.4, 19.6, 2390.2000000000003]
[2848.6, -2848.6, 333.40000000000003, 232.6, 3101.4999999999995, 6236.500000000001, 4.4, 19.6, 2390.2000000000003]
[2848.6, -2848.6, 333.40000000000003, 232.6, 3101.4999999999995, 6236.500000000001, 4.4, 19.6, 2390.2000000000003]
[2848.6, -2848.6, 333.40000000000003, 232.6, 3101.4999999999995, 6236.500000000001, 4.4, 19.6, 2390.2000000000003]
[2848.6, -2848.6, 333.40000000000003, 232.6, 3101.4999999999995, 6236.500000000001, 4.4, 19.6, 2390.2000000000003]
[3598.95, -3598.95, 105.1, 121.9, 2998.15, 5383.85, 35.55, 675.45, 1369.6000000000001]
[3598.95, -3598.95, 105.1, 121.9, 2998.15, 5383.85, 35.55, 675.45, 1369.6000000000001]
[3598.95, -3598.95, 105.1, 121.9, 2998.15, 5383.85, 35.55, 675.45, 1369.6000000000001]
[3598.95, -3598.95, 105.1, 121.9, 2998.15, 5383.85, 35.55, 675.45, 1369.6000000000001]
[3598.95, -3598.95, 105.1, 121.9, 2998.15, 5383.85, 35.55, 675.45, 1369.6000000000001]
[3598.95, -3598.95, 105.1, 121.9, 2998.15, 5383.85, 35.55, 675.45, 1369.6000000000001]
[3598.95, -3598.95, 105.1, 121.9, 2998.15, 5383.85, 35.55, 675.45, 1369.6000000000001]
[3598.95, -3598.95, 105.1, 121.9, 2998.15, 5383.85, 35.55, 675.45, 1369.6000000000001]
[4334.099999999999, -4334.099999999999, 52.9, 37.1, 1445.7, 3508.3000000000006, 141.75, 1028.25, 1641.15]
[4334.099999999999, -4334.099999999999, 52.9, 37.1, 1445.7, 3508.3000000000006, 141.75, 1028.25, 1641.15]
[4334.099999999999, -4334.099999999999, 52.9, 37.1, 1445.7, 3508.3000000000006, 141.75, 1028.25, 1641.15]
[4334.099999999999, -4334.099999999999, 52.9, 37.1, 1445.7, 3508.3000000000006, 141.75, 1028.25, 1641.15]
[4334.099999999999, -4334.099999999999, 52.9, 37.1, 1445.7, 3508.3000000000006, 141.75, 1028.25, 1641.15]
[4334.099999999999, -4334.099999999999, 52.9, 37.1, 1445.7, 3508.3000000000006, 141.75, 1028.25, 1641.15]
[4334.099999999999, -4334.099999999999, 52.9, 37.1, 1445.7, 3508.3000000000006, 141.75, 1028.25, 1641.15]
[4334.099999999999, -4334.099999999999, 52.9, 37.1, 1445.7, 3508.3000000000006, 141.75, 1028.25, 1641.15]
[3487.7, -3487.7, 286.70000000000005, 194.3, 2826.7999999999997, 6325.2, 262.05, 568.9499999999999, 1705.2]
[3487.7, -3487.7, 286.70000000000005, 194.3, 2826.7999999999997, 6325.2, 262.05, 568.9499999999999, 1705.2]
[3487.7, -3487.7, 286.70000000000005, 194.3, 2826.7999999999997, 6325.2, 262.05, 568.9499999999999, 1705.2]
[3487.7, -3487.7, 286.70000000000005, 194.3, 2826.7999999999997, 6325.2, 262.05, 568.9499999999999, 1705.2]
[3487.7, -3487.7, 286.70000000000005, 194.3, 2826.7999999999997, 6325.2, 262.05, 568.9499999999999, 1705.2]
[3487.7, -3487.7, 286.70000000000005, 194.3, 2826.7999999999997, 6325.2, 262.05, 568.9499999999999, 1705.2]
[3487.7, -3487.7, 286.70000000000005, 194.3, 2826.7999999999997, 6325.2, 262.05, 568.9499999999999, 1705.2]
[3487.7, -3487.7, 286.70000000000005, 194.3, 2826.7999999999997, 6325.2, 262.05, 568.9499999999999, 1705.2]
[4536.0, -4536.0, 0, 0, 0, 0, 0, 0, 0]
[4536.0, -4536.0, 0, 0, 0, 0, 0, 0, 0]
[4536.0, -4536.0, 0, 0, 0, 0, 0, 0, 0]
[4536.0, -4536.0, 0, 0, 0, 0, 0, 0, 0]
[4536.0, -4536.0, 0, 0, 0, 0, 0, 0, 0]
[4536.0, -4536.0, 0, 0, 0, 0, 0, 0, 0]
[4536.0, -4536.0, 0, 0, 0, 0, 0, 0, 0]
[4536.0, -4536.0, 0, 0, 0, 0, 0, 0, 0]
[3365.1000000000004, -3365.1000000000004, 1.0499999999999998, 1.9500000000000002, 1085.9, 1762.1, 12.65, 746.35, 2464.6]
[3365.1000000000004, -3365.1000000000004, 1.0499999999999998, 1.9500000000000002, 1085.9, 1762.1, 12.65, 746.35, 2464.6]
[3365.1000000000004, -3365.1000000000004, 1.0499999999999998, 1.9500000000000002, 1085.9, 1762.1, 12.65, 746.35, 2464.6]
[3365.1000000000004, -3365.1000000000004, 1.0499999999999998, 1.9500000000000002, 1085.9, 1762.1, 12.65, 746.35, 2464.6]
[3365.1000000000004, -3365.1000000000004, 1.0499999999999998, 1.9500000000000002, 1085.9, 1762.1, 12.65, 746.35, 2464.6]
[3365.1000000000004, -3365.1000000000004, 1.0499999999999998, 1.9500000000000002, 1085.9, 1762.1, 12.65, 746.35, 2464.6]
[3365.1000000000004, -3365.1000000000004, 1.0499999999999998, 1.9500000000000002, 1085.9, 1762.1, 12.65, 746.35, 2464.6]
[3365.1000000000004, -3365.1000000000004, 1.0499999999999998, 1.9500000000000002, 1085.9, 1762.1, 12.65, 746.35, 2464.6]
[3440.4, -3440.4, 2.95, 18.05, 1363.1000000000001, 2216.9, 34.65, 1339.35, 2207.25]
[3440.4, -3440.4, 2.95, 18.05, 1363.1000000000001, 2216.9, 34.65, 1339.35, 2207.25]
[3440.4, -3440.4, 2.95, 18.05, 1363.1000000000001, 2216.9, 34.65, 1339.35, 2207.25]
[3440.4, -3440.4, 2.95, 18.05, 1363.1000000000001, 2216.9, 34.65, 1339.35, 2207.25]
[3440.4, -3440.4, 2.95, 18.05, 1363.1000000000001, 2216.9, 34.65, 1339.35, 2207.25]
[3440.4, -3440.4, 2.95, 18.05, 1363.1000000000001, 2216.9, 34.65, 1339.35, 2207.25]
[3440.4, -3440.4, 2.95, 18.05, 1363.1000000000001, 2216.9, 34.65, 1339.35, 2207.25]
[3440.4, -3440.4, 2.95, 18.05, 1363.1000000000001, 2216.9, 34.65, 1339.35, 2207.25]
[2211.9, -2211.9, 31.9, 16.1, 508.20000000000005, 899.8, 38.0, 1468.0, 3708.0499999999993]
[2211.9, -2211.9, 31.9, 16.1, 508.20000000000005, 899.8, 38.0, 1468.0, 3708.0499999999993]
[2211.9, -2211.9, 31.9, 16.1, 508.20000000000005, 899.8, 38.0, 1468.0, 3708.0499999999993]
[2211.9, -2211.9, 31.9, 16.1, 508.20000000000005, 899.8, 38.0, 1468.0, 3708.0499999999993]
[2211.9, -2211.9, 31.9, 16.1, 508.20000000000005, 899.8, 38.0, 1468.0, 3708.0499999999993]
[2211.9, -2211.9, 31.9, 16.1, 508.20000000000005, 899.8, 38.0, 1468.0, 3708.0499999999993]
[2211.9, -2211.9, 31.9, 16.1, 508.20000000000005, 899.8, 38.0, 1468.0, 3708.0499999999993]
[2211.9, -2211.9, 31.9, 16.1, 508.20000000000005, 899.8, 38.0, 1468.0, 3708.0499999999993]
[2573.9, -2573.9, 2.95, 17.05, 2431.4500000000003, 3902.5499999999997, 137.6, 1359.4, 2213.55]
[2573.9, -2573.9, 2.95, 17.05, 2431.4500000000003, 3902.5499999999997, 137.6, 1359.4, 2213.55]
[2573.9, -2573.9, 2.95, 17.05, 2431.4500000000003, 3902.5499999999997, 137.6, 1359.4, 2213.55]
[2573.9, -2573.9, 2.95, 17.05, 2431.4500000000003, 3902.5499999999997, 137.6, 1359.4, 2213.55]
[2573.9, -2573.9, 2.95, 17.05, 2431.4500000000003, 3902.5499999999997, 137.6, 1359.4, 2213.55]
[2573.9, -2573.9, 2.95, 17.05, 2431.4500000000003, 3902.5499999999997, 137.6, 1359.4, 2213.55]
[2573.9, -2573.9, 2.95, 17.05, 2431.4500000000003, 3902.5499999999997, 137.6, 1359.4, 2213.55]
[2573.9, -2573.9, 2.95, 17.05, 2431.4500000000003, 3902.5499999999997, 137.6, 1359.4, 2213.55]
[3763.9, -3763.9, 2.5, 2.5, 2992.9, 4703.1, 222.95000000000002, 632.0500000000001, 2332.2500000000005]
[3763.9, -3763.9, 2.5, 2.5, 2992.9, 4703.1, 222.95000000000002, 632.0500000000001, 2332.2500000000005]
[3763.9, -3763.9, 2.5, 2.5, 2992.9, 4703.1, 222.95000000000002, 632.0500000000001, 2332.2500000000005]
[3763.9, -3763.9, 2.5, 2.5, 2992.9, 4703.1, 222.95000000000002, 632.0500000000001, 2332.2500000000005]
[3763.9, -3763.9, 2.5, 2.5, 2992.9, 4703.1, 222.95000000000002, 632.0500000000001, 2332.2500000000005]
[3763.9, -3763.9, 2.5, 2.5, 2992.9, 4703.1, 222.95000000000002, 632.0500000000001, 2332.2500000000005]
[3763.9, -3763.9, 2.5, 2.5, 2992.9, 4703.1, 222.95000000000002, 632.0500000000001, 2332.2500000000005]
[3763.9, -3763.9, 2.5, 2.5, 2992.9, 4703.1, 222.95000000000002, 632.0500000000001, 2332.2500000000005]
[3017.5500000000006, -3017.5500000000006, 21.1, 22.9, 830.9, 1385.1000000000001, 348.9, 1889.1, 3034.2]
[3017.5500000000006, -3017.5500000000006, 21.1, 22.9, 830.9, 1385.1000000000001, 348.9, 1889.1, 3034.2]
[3017.5500000000006, -3017.5500000000006, 21.1, 22.9, 830.9, 1385.1000000000001, 348.9, 1889.1, 3034.2]
[3017.5500000000006, -3017.5500000000006, 21.1, 22.9, 830.9, 1385.1000000000001, 348.9, 1889.1, 3034.2]
[3017.5500000000006, -3017.5500000000006, 21.1, 22.9, 830.9, 1385.1000000000001, 348.9, 1889.1, 3034.2]
[3017.5500000000006, -3017.5500000000006, 21.1, 22.9, 830.9, 1385.1000000000001, 348.9, 1889.1, 3034.2]
[3017.5500000000006, -3017.5500000000006, 21.1, 22.9, 830.9, 1385.1000000000001, 348.9, 1889.1, 3034.2]
[3017.5500000000006, -3017.5500000000006, 21.1, 22.9, 830.9, 1385.1000000000001, 348.9, 1889.1, 3034.2]
[2746.2999999999997, -2746.2999999999997, 4.65, 17.35, 2338.75, 3873.25, 49.3, 1429.6999999999998, 2237.7]
[2746.2999999999997, -2746.2999999999997, 4.65, 17.35, 2338.75, 3873.25, 49.3, 1429.6999999999998, 2237.7]
[2746.2999999999997, -2746.2999999999997, 4.65, 17.35, 2338.75, 3873.25, 49.3, 1429.6999999999998, 2237.7]
[2746.2999999999997, -2746.2999999999997, 4.65, 17.35, 2338.75, 3873.25, 49.3, 1429.6999999999998, 2237.7]
[2746.2999999999997, -2746.2999999999997, 4.65, 17.35, 2338.75, 3873.25, 49.3, 1429.6999999999998, 2237.7]
[2746.2999999999997, -2746.2999999999997, 4.65, 17.35, 2338.75, 3873.25, 49.3, 1429.6999999999998, 2237.7]
[2746.2999999999997, -2746.2999999999997, 4.65, 17.35, 2338.75, 3873.25, 49.3, 1429.6999999999998, 2237.7]
[2746.2999999999997, -2746.2999999999997, 4.65, 17.35, 2338.75, 3873.25, 49.3, 1429.6999999999998, 2237.7]
[2065.0, -2065.0, 181.75, 67.25, 1392.8999999999999, 2341.1000000000004, 395.25, 1752.75, 2474.1]
[2065.0, -2065.0, 181.75, 67.25, 1392.8999999999999, 2341.1000000000004, 395.25, 1752.75, 2474.1]
[2065.0, -2065.0, 181.75, 67.25, 1392.8999999999999, 2341.1000000000004, 395.25, 1752.75, 2474.1]
[2065.0, -2065.0, 181.75, 67.25, 1392.8999999999999, 2341.1000000000004, 395.25, 1752.75, 2474.1]
[2065.0, -2065.0, 181.75, 67.25, 1392.8999999999999, 2341.1000000000004, 395.25, 1752.75, 2474.1]
[2065.0, -2065.0, 181.75, 67.25, 1392.8999999999999, 2341.1000000000004, 395.25, 1752.75, 2474.1]
[2065.0, -2065.0, 181.75, 67.25, 1392.8999999999999, 2341.1000000000004, 395.25, 1752.75, 2474.1]
[2065.0, -2065.0, 181.75, 67.25, 1392.8999999999999, 2341.1000000000004, 395.25, 1752.75, 2474.1]
[2730.4, -2730.4, 286.34999999999997, 27.650000000000002, 1749.75, 3034.25, 272.25, 1590.75, 2531.6000000000004]
[2730.4, -2730.4, 286.34999999999997, 27.650000000000002, 1749.75, 3034.25, 272.25, 1590.75, 2531.6000000000004]
[2730.4, -2730.4, 286.34999999999997, 27.650000000000002, 1749.75, 3034.25, 272.25, 1590.75, 2531.6000000000004]
[2730.4, -2730.4, 286.34999999999997, 27.650000000000002, 1749.75, 3034.25, 272.25, 1590.75, 2531.6000000000004]
[2730.4, -2730.4, 286.34999999999997, 27.650000000000002, 1749.75, 3034.25, 272.25, 1590.75, 2531.6000000000004]
[2730.4, -2730.4, 286.34999999999997, 27.650000000000002, 1749.75, 3034.25, 272.25, 1590.75, 2531.6000000000004]
[2730.4, -2730.4, 286.34999999999997, 27.650000000000002, 1749.75, 3034.25, 272.25, 1590.75, 2531.6000000000004]
[2730.4, -2730.4, 286.34999999999997, 27.650000000000002, 1749.75, 3034.25, 272.25, 1590.75, 2531.6000000000004]
[4183.7, -4183.7, 179.20000000000002, 62.800000000000004, 1610.6, 2543.4, 237.9, 602.1, 2360.4500000000003]
[4183.7, -4183.7, 179.20000000000002, 62.800000000000004, 1610.6, 2543.4, 237.9, 602.1, 2360.4500000000003]
[4183.7, -4183.7, 179.20000000000002, 62.800000000000004, 1610.6, 2543.4, 237.9, 602.1, 2360.4500000000003]
[4183.7, -4183.7, 179.20000000000002, 62.800000000000004, 1610.6, 2543.4, 237.9, 602.1, 2360.4500000000003]
[4183.7, -4183.7, 179.20000000000002, 62.800000000000004, 1610.6, 2543.4, 237.9, 602.1, 2360.4500000000003]
[4183.7, -4183.7, 179.20000000000002, 62.800000000000004, 1610.6, 2543.4, 237.9, 602.1, 2360.4500000000003]
[4183.7, -4183.7, 179.20000000000002, 62.800000000000004, 1610.6, 2543.4, 237.9, 602.1, 2360.4500000000003]
[4183.7, -4183.7, 179.20000000000002, 62.800000000000004, 1610.6, 2543.4, 237.9, 602.1, 2360.4500000000003]
[3557.5, -3557.5, 116.89999999999999, 180.1, 1335.95, 2210.0499999999997, 552.75, 2729.25, 2292.9500000000003]
[3557.5, -3557.5, 116.89999999999999, 180.1, 1335.95, 2210.0499999999997, 552.75, 2729.25, 2292.9500000000003]
[3557.5, -3557.5, 116.89999999999999, 180.1, 1335.95, 2210.0499999999997, 552.75, 2729.25, 2292.9500000000003]
[3557.5, -3557.5, 116.89999999999999, 180.1, 1335.95, 2210.0499999999997, 552.75, 2729.25, 2292.9500000000003]
[3557.5, -3557.5, 116.89999999999999, 180.1, 1335.95, 2210.0499999999997, 552.75, 2729.25, 2292.9500000000003]
[3557.5, -3557.5, 116.89999999999999, 180.1, 1335.95, 2210.0499999999997, 552.75, 2729.25, 2292.9500000000003]
[3557.5, -3557.5, 116.89999999999999, 180.1, 1335.95, 2210.0499999999997, 552.75, 2729.25, 2292.9500000000003]
[3557.5, -3557.5, 116.89999999999999, 180.1, 1335.95, 2210.0499999999997, 552.75, 2729.25, 2292.9500000000003]
[2526.7, -2526.7, 76.7, 53.300000000000004, 1866.4, 3155.6, 156.9, 1421.1, 2254.8999999999996]
[2526.7, -2526.7, 76.7, 53.300000000000004, 1866.4, 3155.6, 156.9, 1421.1, 2254.8999999999996]
[2526.7, -2526.7, 76.7, 53.300000000000004, 1866.4, 3155.6, 156.9, 1421.1, 2254.8999999999996]
[2526.7, -2526.7, 76.7, 53.300000000000004, 1866.4, 3155.6, 156.9, 1421.1, 2254.8999999999996]
[2526.7, -2526.7, 76.7, 53.300000000000004, 1866.4, 3155.6, 156.9, 1421.1, 2254.8999999999996]
[2526.7, -2526.7, 76.7, 53.300000000000004, 1866.4, 3155.6, 156.9, 1421.1, 2254.8999999999996]
[2526.7, -2526.7, 76.7, 53.300000000000004, 1866.4, 3155.6, 156.9, 1421.1, 2254.8999999999996]
[2526.7, -2526.7, 76.7, 53.300000000000004, 1866.4, 3155.6, 156.9, 1421.1, 2254.8999999999996]
[2490.15, -2490.15, 89.2, 200.79999999999998, 2133.75, 3376.25, 185.60000000000002, 1323.3999999999996, 2082.9]
[2490.15, -2490.15, 89.2, 200.79999999999998, 2133.75, 3376.25, 185.60000000000002, 1323.3999999999996, 2082.9]
[2490.15, -2490.15, 89.2, 200.79999999999998, 2133.75, 3376.25, 185.60000000000002, 1323.3999999999996, 2082.9]
[2490.15, -2490.15, 89.2, 200.79999999999998, 2133.75, 3376.25, 185.60000000000002, 1323.3999999999996, 2082.9]
[2490.15, -2490.15, 89.2, 200.79999999999998, 2133.75, 3376.25, 185.60000000000002, 1323.3999999999996, 2082.9]
[2490.15, -2490.15, 89.2, 200.79999999999998, 2133.75, 3376.25, 185.60000000000002, 1323.3999999999996, 2082.9]
[2490.15, -2490.15, 89.2, 200.79999999999998, 2133.75, 3376.25, 185.60000000000002, 1323.3999999999996, 2082.9]
[2490.15, -2490.15, 89.2, 200.79999999999998, 2133.75, 3376.25, 185.60000000000002, 1323.3999999999996, 2082.9]
[2948.1499999999996, -2948.1499999999996, 63.45, 42.55, 1202.7, 2193.3, 252.25000000000003, 1478.75, 2297.3]
[2948.1499999999996, -2948.1499999999996, 63.45, 42.55, 1202.7, 2193.3, 252.25000000000003, 1478.75, 2297.3]
[2948.1499999999996, -2948.1499999999996, 63.45, 42.55, 1202.7, 2193.3, 252.25000000000003, 1478.75, 2297.3]
[2948.1499999999996, -2948.1499999999996, 63.45, 42.55, 1202.7, 2193.3, 252.25000000000003, 1478.75, 2297.3]
[2948.1499999999996, -2948.1499999999996, 63.45, 42.55, 1202.7, 2193.3, 252.25000000000003, 1478.75, 2297.3]
[2948.1499999999996, -2948.1499999999996, 63.45, 42.55, 1202.7, 2193.3, 252.25000000000003, 1478.75, 2297.3]
[2948.1499999999996, -2948.1499999999996, 63.45, 42.55, 1202.7, 2193.3, 252.25000000000003, 1478.75, 2297.3]
[2948.1499999999996, -2948.1499999999996, 63.45, 42.55, 1202.7, 2193.3, 252.25000000000003, 1478.75, 2297.3]
[3034.25, -3034.25, 53.099999999999994, 284.9, 1970.4, 3925.6000000000004, 319.20000000000005, 2908.8, 2610.3500000000004]
[3034.25, -3034.25, 53.099999999999994, 284.9, 1970.4, 3925.6000000000004, 319.20000000000005, 2908.8, 2610.3500000000004]
[3034.25, -3034.25, 53.099999999999994, 284.9, 1970.4, 3925.6000000000004, 319.20000000000005, 2908.8, 2610.3500000000004]
[3034.25, -3034.25, 53.099999999999994, 284.9, 1970.4, 3925.6000000000004, 319.20000000000005, 2908.8, 2610.3500000000004]
[3034.25, -3034.25, 53.099999999999994, 284.9, 1970.4, 3925.6000000000004, 319.20000000000005, 2908.8, 2610.3500000000004]
[3034.25, -3034.25, 53.099999999999994, 284.9, 1970.4, 3925.6000000000004, 319.20000000000005, 2908.8, 2610.3500000000004]
[3034.25, -3034.25, 53.099999999999994, 284.9, 1970.4, 3925.6000000000004, 319.20000000000005, 2908.8, 2610.3500000000004]
[3034.25, -3034.25, 53.099999999999994, 284.9, 1970.4, 3925.6000000000004, 319.20000000000005, 2908.8, 2610.3500000000004]
